0.528
0.583
0.621
0.644
0.663
0.657
0.620
0.611
0.624
0.580
0.591
0.562
0.585
0.506
0.544
0.490
0.476
0.469
0.504
0.510
0.625
0.614
0.670
0.677
0.782
0.815
0.811
0.793
0.823
0.818
0.816
0.815
0.819
0.743
0.736
0.793
0.860
0.898
1.058
1.106
1.177
1.255
1.365
1.441
1.561
1.691
1.804
1.948
2.156
2.240
2.323
2.348
2.434
2.410
2.399
2.373
2.399
2.368
2.390
2.247
2.006
1.765
1.571
1.401
1.144
0.940
0.788
0.705
0.642
0.662
0.621
0.627
0.627
0.606
0.622
0.618
0.628
0.586
0.530
0.544
0.502
0.510
0.512
0.432
0.392
0.387
0.391
0.372
0.405
0.391
0.465
0.567
0.584
0.617
0.663
0.702
0.745
0.696
0.692
0.700
0.700
0.663
0.656
0.651
0.600
0.626
0.586
0.559
0.501
0.505
0.548
0.510
0.537
0.635
0.688
0.743
0.779
0.778
0.867
0.835
0.822
0.857
0.823
0.827
0.767
0.742
0.742
0.722
0.783
0.848
0.980
1.097
1.178
1.256
1.310
1.367
1.527
1.611
1.724
1.885
2.076
2.161
2.239
2.354
2.460
2.471
2.477
2.397
2.427
2.409
2.402
2.337
2.160
1.927
1.612
1.278
1.062
0.857
0.666
0.544
0.501
0.543
0.545
0.590
0.579
0.616
0.560
0.565
0.544
0.544
0.550
0.507
0.507
0.468
0.474
0.459
0.432
0.460
0.391
0.365
0.391
0.394
0.476
0.527
0.579
0.626
0.665
0.679
0.702
0.703
0.700
0.706
0.658
0.624
0.620
0.602
0.628
0.599
0.585
0.546
0.546
0.510
0.506
0.490
0.545
0.585
0.666
0.688
0.741
0.775
0.820
0.819
0.845
0.860
0.859
0.837
0.862
0.888
0.943
1.099
1.172
1.222
1.296
1.393
1.412
1.408
1.499
1.565
1.604
1.721
1.802
2.037
2.272
2.318
2.435
2.552
2.599
2.664
2.634
2.489
2.396
2.203
2.004
1.658
1.410
1.102
0.824
0.583
0.467
0.348
0.277
0.336
0.371
0.426
0.469
0.510
0.541
0.582
0.559
0.614
0.580
0.583
0.587
0.560
0.505
0.507
0.509
0.487
0.484
0.429
0.427
0.352
0.394
0.375
0.389
0.466
0.588
0.583
0.615
0.624
0.667
0.705
0.697
0.709
0.676
0.665
0.666
0.608
0.582
0.560
0.585
0.563
0.540
0.552
0.488
0.548
0.508
0.541
0.595
0.663
0.703
0.738
0.779
0.810
0.813
0.817
0.822
0.830
0.816
0.779
0.814
0.967
1.054
1.096
1.140
1.239
1.368
1.366
1.410
1.517
1.515
1.645
1.765
1.913
2.112
2.232
2.355
2.477
2.556
2.584
2.628
2.605
2.516
2.363
2.158
1.754
1.415
1.174
0.906
0.629
0.409
0.311
0.271
0.235
0.276
0.375
0.388
0.452
0.467
0.553
0.667
0.517
0.508
0.577
0.700
0.549
0.578
0.356
0.625
0.511
0.353
0.545
0.512
0.417
0.303
0.272
0.426
0.390
0.469
0.516
0.585
0.632
0.546
0.627
0.811
0.767
0.582
0.662
0.741
0.688
0.585
0.467
0.589
0.666
0.407
0.546
0.387
0.562
0.479
0.420
0.507
0.613
0.551
0.665
0.683
0.780
0.664
0.822
0.815
0.821
0.746
0.705
0.778
0.739
0.793
0.900
1.099
1.174
1.095
1.262
1.193
1.478
1.489
1.605
1.654
1.816
1.958
2.039
2.357
2.331
2.467
2.711
2.626
2.668
2.476
2.502
2.398
2.210
2.081
1.892
1.845
1.371
1.098
0.816
0.670
0.530
0.276
0.505
0.428
0.427
0.406
0.392
0.577
0.410
0.521
0.534
0.510
0.458
0.307
0.426
0.502
0.419
0.280
0.343
0.383
0.232
0.232
0.043
0.228
0.241
0.194
0.350
0.353
0.519
0.374
0.429
0.621
0.565
0.547
0.498
0.543
0.589
0.398
0.510
0.572
0.515
0.392
0.474
0.464
0.447
0.353
0.347
0.472
0.556
0.322
0.509
0.427
0.680
0.680
0.647
0.742
0.727
0.736
0.689
0.779
0.662
0.589
0.864
0.680
0.674
0.547
0.624
0.626
0.572
0.586
0.621
0.818
0.955
1.083
1.137
1.099
1.513
1.579
1.859
1.844
1.893
1.992
2.008
2.081
1.876
2.080
2.273
2.134
2.146
2.005
2.239
2.153
2.105
1.964
1.803
1.807
1.454
1.352
1.256
1.172
0.923
0.825
0.843
0.821
0.750
0.589
0.627
0.598
0.467
0.617
0.509
0.552
0.431
0.275
0.388
0.430
0.373
0.263
0.429
0.505
0.588
0.586
0.494
0.661
0.710
0.587
0.621
0.555
0.769
0.514
0.506
0.545
0.541
0.550
0.470
0.506
0.532
0.357
0.488
0.466
0.437
0.511
0.508
0.570
0.636
0.667
0.705
0.773
0.799
0.622
0.741
0.547
0.772
0.667
0.726
0.664
0.636
0.734
0.629
0.625
0.519
0.467
0.818
0.666
0.722
0.587
0.900
0.820
1.054
1.215
1.292
1.526
1.503
1.573
1.699
1.645
1.810
1.770
2.044
1.982
1.966
2.004
2.126
2.040
1.897
2.118
2.158
2.163
2.167
2.121
2.429
2.241
2.074
1.799
1.808
1.647
1.296
1.057
0.817
0.823
0.614
0.580
0.580
0.587
0.568
0.301
0.313
0.274
0.176
0.304
0.321
0.435
0.485
0.427
0.543
0.590
0.585
0.546
0.543
0.622
0.644
0.493
0.508
0.543
0.543
0.468
0.496
0.348
0.566
0.396
0.382
0.402
0.457
0.515
0.467
0.580
0.657
0.558
0.864
0.740
0.727
0.753
0.718
0.743
0.653
0.661
0.675
0.777
0.650
0.548
0.621
0.473
0.553
0.473
0.660
0.549
0.595
0.794
0.665
0.779
0.673
0.824
1.042
1.021
0.939
0.946
1.322
1.215
1.303
1.373
1.565
1.761
1.631
1.679
1.887
1.802
1.851
1.928
2.070
1.963
2.041
1.925
2.284
2.307
2.483
2.701
2.671
2.671
2.614
2.553
2.705
2.518
2.211
1.786
1.638
1.332
1.017
0.739
0.537
0.387
0.301
0.314
0.231
0.224
0.487
0.393
0.433
0.503
0.430
0.583
0.509
0.511
0.565
0.387
0.545
0.430
0.400
0.385
0.383
0.370
0.371
0.240
0.265
0.282
0.267
0.155
0.234
0.149
0.442
0.352
0.468
0.432
0.483
0.643
0.430
0.464
0.430
0.319
0.677
0.430
0.380
0.315
0.434
0.367
0.270
0.272
0.312
0.396
0.169
0.275
0.349
0.273
0.437
0.375
0.663
0.623
0.556
0.557
0.533
0.548
0.285
0.466
0.505
0.487
0.384
0.198
0.540
0.281
0.392
0.201
0.310
0.388
0.342
0.327
0.507
0.388
0.407
0.507
0.573
0.626
0.620
0.356
0.626
0.418
0.403
0.466
0.429
0.395
0.450
0.280
0.394
0.350
0.344
0.221
0.353
0.386
0.402
0.394
0.423
0.467
0.544
0.510
0.552
0.418
0.639
0.509
0.549
0.667
0.740
0.938
1.017
1.139
1.357
1.273
1.686
1.525
1.733
1.920
1.867
2.001
2.215
2.405
2.546
2.630
2.630
2.709
2.674
2.553
2.834
2.593
2.630
2.285
1.813
1.671
1.214
1.019
0.455
0.322
0.445
0.236
0.104
-0.001
0.232
0.062
0.309
0.312
0.389
0.593
0.380
0.471
0.470
0.352
0.391
0.312
0.470
0.476
0.406
0.307
0.390
0.351
0.130
0.317
0.285
0.314
0.262
0.236
0.547
0.414
0.506
0.389
0.623
0.589
0.636
0.434
0.580
0.506
0.475
0.553
0.512
0.508
0.620
0.249
0.463
0.394
0.356
0.384
0.377
0.390
0.556
0.394
0.629
0.530
0.664
0.624
0.705
0.746
0.682
0.585
0.739
0.664
0.658
0.575
0.588
0.390
0.653
0.515
0.591
0.547
0.506
0.666
0.549
0.641
0.619
0.661
1.060
0.982
1.306
1.410
1.606
1.612
1.760
1.868
2.002
2.041
2.009
2.280
2.258
2.239
2.327
2.089
2.396
2.314
2.156
2.242
2.088
2.154
2.129
2.265
2.203
1.961
1.494
1.259
1.327
0.942
0.823
0.626
0.744
0.737
0.492
0.545
0.504
0.355
0.286
0.238
0.271
0.309
0.266
0.203
0.353
0.349
0.313
0.473
0.553
0.472
0.565
0.427
0.638
0.538
0.508
0.388
0.547
0.513
0.533
0.353
0.389
0.313
0.309
0.266
0.353
0.194
0.481
0.280
0.511
0.587
0.545
0.669
0.628
0.612
0.731
0.583
0.829
0.579
0.589
0.571
0.628
0.583
0.502
0.514
0.571
0.547
0.490
0.515
0.510
0.382
0.699
0.628
0.904
0.700
0.801
1.065
0.904
0.940
0.751
0.866
1.049
0.862
1.011
1.098
1.179
1.095
1.291
1.367
1.528
1.611
1.572
1.846
1.761
1.726
1.893
2.001
2.442
2.475
2.577
2.715
2.647
2.594
2.475
2.436
2.322
2.252
1.855
1.686
1.570
1.097
0.772
0.346
0.471
0.391
0.182
0.203
0.277
0.234
0.283
0.313
0.432
0.437
0.499
0.391
0.508
0.438
0.409
0.470
0.424
0.354
0.458
0.246
0.431
0.271
0.278
0.120
0.216
0.272
0.253
0.197
0.266
0.325
0.480
0.430
0.507
0.355
0.621
0.408
0.548
0.509
0.506
0.588
0.456
0.496
0.393
0.350
0.546
0.317
0.377
0.352
0.425
0.276
0.391
0.411
0.623
0.548
0.632
0.774
0.656
0.591
0.710
0.544
0.858
0.551
0.629
0.818
0.662
0.629
0.475
0.578
0.739
0.550
0.553
0.577
0.779
0.615
0.736
0.738
0.900
0.906
0.971
1.331
1.367
1.333
1.422
1.556
1.685
1.766
1.724
1.835
1.887
1.969
1.889
2.042
2.081
2.085
1.998
2.080
2.194
2.122
2.216
2.203
2.280
2.161
1.927
1.849
1.629
1.452
1.129
0.908
0.816
0.627
0.558
0.549
0.467
0.429
0.288
0.309
0.273
0.233
0.306
0.154
0.419
0.330
0.445
0.467
0.509
0.553
0.614
0.467
0.470
0.509
0.585
0.552
0.535
0.352
0.541
0.390
0.588
0.346
0.391
0.587
0.429
0.469
0.320
0.484
0.740
0.551
0.673
0.657
0.862
0.666
0.708
0.700
0.860
0.707
0.606
0.860
0.660
0.553
0.624
0.510
0.764
0.511
0.588
0.663
0.668
0.564
0.553
0.782
0.947
0.781
0.771
0.978
1.099
0.944
0.972
0.942
1.190
1.154
1.216
1.369
1.376
1.465
1.462
1.606
1.692
1.728
1.868
1.921
1.922
2.046
2.162
2.388
2.550
2.597
2.641
2.743
2.679
2.668
2.567
2.476
2.471
2.285
1.818
1.494
1.135
0.904
0.541
0.324
0.313
0.037
0.158
0.160
0.220
0.264
0.319
0.547
0.382
0.558
0.442
0.395
0.587
0.345
0.472
0.468
0.471
0.349
0.382
0.285
0.251
0.314
0.205
0.352
0.238
0.101
0.272
0.234
0.510
0.274
0.375
0.583
0.548
0.474
0.352
0.395
0.564
0.360
0.398
0.429
0.557
0.302
0.426
0.272
0.431
0.242
0.135
0.427
0.310
0.163
0.195
0.278
0.554
0.391
0.536
0.547
0.551
0.480
0.358
0.507
0.549
0.421
0.339
0.470
0.511
0.435
0.344
0.237
0.413
0.290
0.164
0.278
0.271
0.338
0.343
0.509
0.622
0.600
0.670
0.700
0.742
0.752
0.672
0.824
0.801
0.752
0.702
0.744
0.774
0.674
0.669
0.665
0.741
0.744
0.600
0.705
0.627
0.833
0.910
0.907
0.995
0.987
1.291
1.417
1.527
1.566
1.657
1.924
1.804
1.843
1.775
1.887
2.042
1.936
1.978
2.000
2.069
1.934
1.967
1.964
1.958
2.099
2.069
2.201
1.880
1.615
1.421
1.189
1.176
0.765
0.786
0.776
0.691
0.551
0.362
0.509
0.617
0.317
0.357
0.313
0.467
0.292
0.427
0.311
0.624
0.577
0.556
0.782
0.724
0.673
0.634
0.665
0.782
0.662
0.661
0.626
0.627
0.641
0.555
0.617
0.665
0.523
0.474
0.629
0.607
0.572
0.630
0.628
0.816
0.853
0.706
0.862
0.784
0.914
0.866
0.754
0.905
0.754
0.781
0.813
0.820
0.821
0.711
0.858
0.728
0.779
0.705
0.747
0.906
0.907
1.181
1.292
1.493
1.534
1.591
1.764
1.768
2.010
2.050
2.142
2.043
2.006
2.127
2.119
2.222
2.083
2.122
2.285
2.120
2.066
1.805
1.889
1.768
1.601
1.489
1.349
1.335
0.954
0.856
0.794
0.700
0.718
0.666
0.813
0.694
0.556
0.476
0.512
0.542
0.427
0.504
0.466
0.474
0.364
0.334
0.545
0.663
0.549
0.627
0.682
0.781
0.752
0.741
0.585
0.802
0.752
0.626
0.708
0.666
0.666
0.595
0.591
0.706
0.550
0.566
0.582
0.584
0.656
0.589
0.775
0.860
0.836
0.898
0.938
0.914
0.954
0.872
0.860
0.974
0.944
0.725
0.864
0.705
0.908
0.828
0.870
0.983
1.028
1.251
1.217
1.353
1.397
1.456
1.845
1.768
1.958
1.930
2.162
2.201
2.246
2.333
2.317
2.355
2.185
2.284
2.232
2.122
2.142
1.776
1.769
1.458
1.154
0.907
0.783
0.782
0.444
0.587
0.739
0.703
0.627
0.566
0.782
0.663
0.617
0.627
0.679
0.741
0.537
0.617
0.587
0.588
0.472
0.429
0.546
0.509
0.442
0.403
0.504
0.584
0.594
0.770
0.736
0.780
0.774
0.742
0.818
0.855
0.728
0.667
0.734
0.774
0.751
0.706
0.586
0.695
0.676
0.545
0.627
0.472
0.653
0.645
0.693
0.822
0.790
0.869
0.904
0.920
1.034
0.865
1.064
0.941
0.935
1.060
1.100
1.214
1.191
1.233
1.321
1.492
1.444
1.382
1.534
1.458
1.662
1.652
1.887
1.929
2.097
2.392
2.321
2.521
2.395
2.429
2.670
2.318
2.110
1.663
1.675
1.332
1.141
0.913
0.697
0.614
0.310
0.272
0.279
0.158
0.338
0.353
0.623
0.664
0.590
0.637
0.739
0.580
0.508
0.703
0.667
0.702
0.525
0.431
0.700
0.589
0.509
0.431
0.545
0.554
0.445
0.466
0.473
0.626
0.605
0.654
0.743
0.779
0.800
0.678
0.768
0.743
0.702
0.779
0.732
0.703
0.728
0.629
0.747
0.720
0.642
0.623
0.625
0.667
0.623
0.555
0.623
0.824
0.904
0.816
0.904
0.779
1.027
1.038
1.153
1.254
1.240
1.484
1.336
1.488
1.516
1.460
1.806
1.660
1.667
1.650
1.765
1.729
1.728
1.849
1.883
2.079
2.118
2.260
2.359
2.204
2.228
1.886
1.938
1.690
1.355
1.258
0.854
0.821
0.460
0.510
0.585
0.461
0.291
0.122
0.466
0.208
0.362
0.356
0.468
0.622
0.501
0.588
0.666
0.545
0.581
0.553
0.694
0.665
0.616
0.438
0.706
0.518
0.464
0.507
0.509
0.511
0.433
0.355
0.544
0.472
0.549
0.559
0.739
0.739
0.761
0.707
0.786
0.742
0.782
0.740
0.745
0.672
0.723
0.630
0.663
0.706
0.599
0.626
0.545
0.585
0.633
0.513
0.705
0.622
0.730
0.795
0.851
0.944
1.019
1.137
1.297
1.454
1.483
1.450
1.530
1.422
1.729
1.617
1.765
1.720
1.764
1.963
1.725
1.847
1.762
1.797
2.161
2.044
2.193
2.217
2.351
2.047
1.954
1.763
1.649
1.605
1.101
0.992
0.862
0.646
0.653
0.507
0.665
0.552
0.371
0.356
0.351
0.310
0.168
0.369
0.549
0.549
0.510
0.426
0.819
0.545
0.602
0.514
0.644
0.704
0.594
0.474
0.628
0.482
0.487
0.510
0.543
0.517
0.563
0.245
0.546
0.384
0.505
0.633
0.665
0.663
0.763
0.659
0.854
0.743
0.798
0.704
0.804
0.781
0.724
0.626
0.708
0.642
0.694
0.629
0.588
0.443
0.608
0.588
0.585
0.671
0.687
0.864
0.781
0.856
0.936
0.840
1.064
0.905
1.065
1.168
1.254
1.214
1.297
1.381
1.507
1.571
1.530
1.602
1.535
1.489
1.768
1.654
1.957
1.829
2.012
2.432
2.321
2.479
2.320
2.325
2.473
2.240
1.940
1.564
1.531
1.059
0.885
0.670
0.573
0.625
0.236
0.271
0.269
0.112
0.143
0.197
0.424
0.504
0.436
0.473
0.626
0.619
0.475
0.585
0.626
0.628
0.591
0.486
0.699
0.545
0.562
0.439
0.624
0.585
0.486
0.384
0.434
0.350
0.451
0.551
0.582
0.610
0.739
0.552
0.783
0.744
0.721
0.744
0.739
0.659
0.796
0.549
0.782
0.627
0.675
0.572
0.627
0.625
0.514
0.504
0.583
0.545
0.698
0.709
0.715
0.591
0.876
0.820
0.950
0.900
0.863
1.065
0.946
0.995
0.973
1.062
1.370
1.190
1.367
1.373
1.494
1.372
1.468
1.570
1.644
1.804
1.771
2.090
2.122
2.196
2.396
2.450
2.785
2.710
2.635
2.704
2.378
2.280
1.792
1.691
1.573
1.319
0.777
0.547
0.623
0.323
0.298
0.196
0.359
0.473
0.327
0.545
0.583
0.510
0.506
0.529
0.627
0.623
0.581
0.434
0.603
0.508
0.444
0.513
0.448
0.430
0.477
0.317
0.512
0.338
0.402
0.351
0.580
0.633
0.630
0.588
0.665
0.626
0.716
0.626
0.661
0.548
0.734
0.473
0.629
0.621
0.591
0.694
0.622
0.585
0.579
0.436
0.651
0.429
0.611
0.587
0.743
0.711
0.722
0.784
0.903
0.874
0.906
0.904
0.780
0.698
0.863
0.705
0.980
0.750
0.863
1.202
1.078
1.178
1.072
1.253
1.522
1.410
1.565
1.647
1.888
1.856
2.103
2.238
2.432
2.509
2.418
2.707
2.593
2.432
2.460
2.314
2.398
2.204
1.786
1.606
1.307
1.062
0.663
0.620
0.592
0.544
0.404
0.547
0.697
0.539
0.554
0.474
0.625
0.580
0.445
0.545
0.509
0.433
0.389
0.347
0.405
0.392
0.396
0.313
0.351
0.311
0.321
0.352
0.511
0.485
0.624
0.548
0.739
0.633
0.788
0.666
0.700
0.739
0.710
0.591
0.585
0.583
0.636
0.551
0.640
0.392
0.575
0.394
0.550
0.500
0.518
0.740
0.620
0.733
0.692
0.741
0.985
0.705
0.829
0.823
0.900
0.740
0.746
0.695
0.903
0.740
0.627
0.824
0.670
0.584
0.732
0.589
1.023
0.795
1.138
1.406
1.413
1.494
1.559
1.846
2.080
2.007
2.087
2.171
2.318
2.041
2.187
2.125
2.291
2.163
2.066
2.230
2.050
1.776
1.572
1.371
1.251
1.109
0.910
0.783
0.742
0.735
0.603
0.686
0.705
0.741
0.611
0.697
0.764
0.586
0.523
0.467
0.632
0.600
0.401
0.432
0.388
0.361
0.435
0.390
0.508
0.471
0.600
0.676
0.664
0.706
0.741
0.787
0.695
0.706
0.695
0.657
0.784
0.548
0.703
0.584
0.662
0.590
0.547
0.513
0.510
0.550
0.590
0.701
0.662
0.629
0.848
0.793
1.018
0.777
0.877
1.104
0.906
0.942
0.749
0.737
0.980
0.701
0.805
0.827
0.981
0.811
1.090
1.095
1.334
1.297
1.355
1.647
1.643
1.685
1.922
1.956
2.320
2.165
2.307
2.376
2.395
2.238
2.171
2.323
2.349
2.202
2.031
2.004
1.850
1.449
1.295
0.940
0.979
0.789
0.594
0.741
0.708
0.667
0.670
0.701
0.739
0.705
0.687
0.720
0.741
0.662
0.525
0.590
0.568
0.546
0.430
0.470
0.514
0.365
0.411
0.391
0.549
0.589
0.535
0.628
0.665
0.701
0.735
0.736
0.743
0.542
0.701
0.709
0.713
0.628
0.662
0.814
0.676
0.647
0.544
0.510
0.659
0.427
0.586
0.626
0.741
0.697
0.797
0.773
0.861
0.903
0.864
1.021
0.943
0.743
0.905
0.818
1.035
0.637
0.828
1.060
0.973
1.049
0.951
1.177
1.412
1.209
1.447
1.531
1.806
1.690
1.969
1.954
2.273
2.195
2.212
2.430
2.400
2.201
2.215
2.242
2.393
2.127
1.962
1.731
1.410
1.135
0.884
0.825
0.627
0.430
0.433
0.631
0.707
0.587
0.615
0.546
0.745
0.592
0.525
0.622
0.551
0.548
0.500
0.508
0.548
0.433
0.435
0.420
0.387
0.431
0.326
0.463
0.476
0.491
0.544
0.587
0.696
0.618
0.696
0.705
0.780
0.697
0.645
0.676
0.586
0.698
0.679
0.706
0.611
0.512
0.589
0.548
0.669
0.523
0.547
0.778
0.669
0.745
0.644
0.780
0.939
0.784
0.913
0.843
1.019
0.778
0.822
0.786
0.801
0.821
0.752
0.983
0.984
0.913
1.098
1.059
1.372
1.218
1.380
1.491
1.565
1.531
1.688
1.971
2.164
1.964
2.198
2.319
2.434
2.280
2.275
2.160
2.286
2.125
1.789
1.726
1.448
1.137
0.841
0.705
0.628
0.432
0.455
0.470
0.545
0.554
0.515
0.663
0.663
0.545
0.554
0.666
0.651
0.584
0.487
0.432
0.591
0.498
0.336
0.429
0.317
0.356
0.385
0.356
0.427
0.428
0.555
0.587
0.623
0.662
0.603
0.870
0.730
0.707
0.667
0.699
0.706
0.612
0.649
0.625
0.701
0.587
0.503
0.511
0.429
0.583
0.565
0.703
0.663
0.584
0.776
0.747
0.902
0.782
0.902
1.134
0.944
0.938
0.782
0.942
0.942
0.826
0.983
1.101
1.252
1.060
1.245
1.300
1.332
1.366
1.373
1.648
1.654
1.606
1.812
2.002
2.164
2.245
2.391
2.395
2.433
2.310
2.247
2.240
2.204
1.730
1.486
1.333
1.137
0.779
0.627
0.396
0.393
0.312
0.318
0.474
0.499
0.432
0.532
0.545
0.619
0.468
0.556
0.551
0.542
0.539
0.426
0.512
0.548
0.464
0.478
0.409
0.471
0.353
0.332
0.308
0.425
0.469
0.371
0.587
0.455
0.701
0.719
0.744
0.705
0.560
0.822
0.661
0.704
0.627
0.569
0.820
0.661
0.623
0.519
0.609
0.549
0.507
0.554
0.540
0.737
0.584
0.740
0.780
0.732
0.939
0.865
1.102
0.905
0.769
0.940
0.941
0.943
0.823
0.931
1.176
1.175
1.098
1.099
1.384
1.294
1.292
1.373
1.492
1.637
1.574
1.827
1.926
2.123
2.191
2.275
2.432
2.484
2.280
2.239
2.240
2.081
2.008
1.726
1.464
1.254
0.942
0.604
0.587
0.538
0.274
0.324
0.471
0.541
0.502
0.522
0.512
0.663
0.739
0.516
0.547
0.468
0.543
0.535
0.475
0.534
0.352
0.518
0.434
0.385
0.430
0.274
0.510
0.427
0.469
0.546
0.609
0.623
0.582
0.684
0.697
0.793
0.725
0.606
0.662
0.545
0.666
0.572
0.745
0.581
0.472
0.709
0.559
0.626
0.469
0.558
0.781
0.655
0.663
0.596
0.905
0.774
0.855
0.807
0.906
1.058
0.780
0.904
0.899
0.741
0.859
0.791
1.178
1.123
0.978
1.102
1.336
1.248
1.252
1.427
1.454
1.567
1.528
1.692
2.107
2.122
2.120
2.317
2.439
2.488
2.433
2.436
2.399
2.351
2.197
1.909
1.651
1.372
1.019
0.733
0.626
0.470
0.313
0.393
0.353
0.421
0.507
0.474
0.624
0.584
0.592
0.547
0.585
0.622
0.470
0.487
0.459
0.546
0.662
0.400
0.429
0.219
0.351
0.331
0.317
0.344
0.189
0.582
0.469
0.583
0.578
0.553
0.860
0.665
0.668
0.627
0.660
0.603
0.587
0.592
0.584
0.706
0.524
0.526
0.547
0.437
0.512
0.395
0.662
0.587
0.511
0.739
0.743
0.864
0.741
0.788
0.981
0.907
0.797
0.677
0.982
0.745
0.737
0.668
0.768
0.905
0.663
0.737
0.866
0.834
1.018
1.055
1.255
1.371
1.279
1.493
1.963
1.922
2.074
2.285
2.325
2.315
2.275
2.132
2.322
2.289
2.243
2.320
2.480
2.362
2.139
1.855
1.804
1.650
1.605
1.234
1.020
0.862
0.757
0.758
0.719
0.779
0.663
0.785
0.666
0.617
0.626
0.481
0.669
0.463
0.496
0.376
0.392
0.351
0.225
0.260
0.253
0.275
0.346
0.314
0.358
0.235
0.476
0.437
0.546
0.513
0.415
0.703
0.506
0.586
0.465
0.396
0.702
0.505
0.479
0.407
0.556
0.352
0.427
0.433
0.434
0.616
0.370
0.668
0.745
0.627
0.744
0.705
0.938
0.829
0.685
0.773
0.779
0.782
0.617
0.697
0.774
0.693
0.590
0.517
0.773
0.591
0.621
0.520
0.785
0.777
0.795
0.979
1.213
1.219
1.403
1.472
1.607
1.763
1.689
1.594
1.888
1.766
1.828
1.845
1.893
1.905
1.875
1.809
1.956
1.894
1.840
1.807
2.001
2.072
1.918
1.814
1.811
1.611
1.671
1.283
1.136
0.824
0.883
0.679
0.651
0.662
0.537
0.631
0.513
0.494
0.399
0.280
0.507
0.276
0.442
0.476
0.545
0.549
0.537
0.678
0.705
0.702
0.627
0.706
0.636
0.546
0.661
0.441
0.704
0.547
0.426
0.698
0.469
0.509
0.329
0.436
0.622
0.582
0.511
0.616
0.861
0.624
0.757
0.745
0.862
0.943
0.598
0.821
0.823
0.641
0.654
0.628
0.783
0.784
0.588
0.629
0.701
0.586
0.502
0.637
0.678
0.741
0.722
0.709
0.983
0.877
0.955
0.941
1.213
1.258
1.273
1.259
1.406
1.375
1.626
1.550
1.607
1.567
1.760
1.587
1.833
1.856
2.152
2.393
2.433
2.598
2.943
2.948
3.247
3.065
3.278
3.039
2.866
2.553
2.074
1.593
1.436
1.059
0.936
0.516
0.266
0.006
0.133
-0.022
0.200
-0.042
0.061
0.494
0.313
0.428
0.296
0.365
0.773
0.468
0.558
0.471
0.514
0.262
0.355
0.354
0.388
0.439
0.182
0.434
0.236
0.076
0.154
0.039
0.351
0.316
0.301
0.646
0.545
0.584
0.471
0.669
0.794
0.742
0.482
0.586
0.828
0.422
0.475
0.435
0.625
0.566
0.257
0.467
0.392
0.360
0.357
0.318
0.545
0.621
0.635
0.593
0.862
0.822
0.792
1.012
1.058
1.176
1.350
1.375
1.585
1.529
1.747
1.728
1.966
1.985
1.993
1.971
2.200
2.323
2.418
2.314
2.472
2.476
2.955
2.955
3.186
3.063
2.970
2.957
2.570
2.402
1.988
1.465
1.451
0.837
0.842
0.516
0.463
0.162
0.072
-0.063
0.121
-0.005
0.113
0.207
0.160
0.080
0.321
0.200
0.622
0.235
0.338
0.548
0.372
0.271
0.042
0.090
0.391
0.148
0.139
0.043
0.238
-0.123
-0.090
-0.152
-0.002
0.041
-0.037
0.294
0.271
0.194
0.281
0.246
0.457
0.471
0.226
0.353
0.317
0.220
0.082
0.158
0.153
0.241
-0.064
0.036
0.155
-0.078
-0.049
-0.233
0.118
0.155
0.051
0.249
0.311
0.274
0.381
0.268
0.302
0.193
0.211
0.211
0.199
0.137
0.138
0.234
0.157
0.085
0.055
-0.030
0.194
-0.080
0.172
0.125
0.236
0.350
0.286
0.338
0.328
0.471
0.588
0.544
0.500
0.252
0.490
0.365
0.622
0.345
0.346
0.660
0.391
0.433
0.278
0.244
0.589
0.307
0.696
0.859
1.137
1.026
1.375
1.552
1.921
1.882
2.043
2.358
2.209
2.120
2.295
2.098
2.555
2.188
2.378
2.589
2.466
2.322
2.216
2.249
2.324
1.843
1.717
1.569
1.604
1.062
0.875
0.632
0.703
0.473
0.326
0.570
0.429
0.311
0.263
0.204
0.241
0.237
0.060
0.041
0.038
-0.056
-0.101
0.042
0.160
0.140
0.118
0.307
0.464
0.366
0.425
0.275
0.511
0.471
0.305
0.399
0.270
0.274
0.414
0.225
0.314
0.115
0.168
0.214
0.153
0.196
0.193
0.463
0.408
0.469
0.511
0.478
0.823
0.439
0.750
0.628
0.695
0.616
0.556
0.482
0.429
0.513
0.507
0.548
0.468
0.235
0.464
0.398
0.704
0.312
0.503
0.896
0.739
0.863
0.667
0.900
1.235
1.214
1.402
1.490
1.732
1.536
1.679
1.691
1.963
1.871
1.895
2.308
2.118
2.168
2.308
2.213
2.479
2.319
2.642
2.866
2.943
2.787
2.632
2.773
2.629
2.292
1.971
1.710
1.491
1.022
0.765
0.403
0.532
0.316
0.084
0.076
-0.077
-0.192
-0.186
-0.273
-0.026
0.001
0.001
0.045
0.192
0.188
0.107
0.197
0.235
0.159
0.029
0.117
0.156
-0.041
0.047
-0.114
0.077
0.001
-0.186
-0.158
-0.235
-0.081
0.018
0.044
0.198
0.001
0.273
0.354
0.390
0.364
0.406
0.624
0.432
0.371
0.285
0.276
0.430
0.158
0.398
0.238
0.390
0.115
0.162
0.047
0.115
0.164
0.251
0.560
0.471
0.351
0.623
0.594
0.930
0.508
0.641
0.811
0.692
0.582
0.330
0.555
0.705
0.331
0.458
0.428
0.699
0.357
0.512
0.395
0.701
0.698
0.921
1.392
1.452
1.451
1.666
1.850
2.154
2.047
2.215
2.235
2.232
2.230
2.321
2.518
2.627
2.427
2.450
2.584
2.634
2.520
2.246
1.973
1.962
1.765
1.443
1.383
0.985
0.943
0.809
0.578
0.582
0.311
0.380
0.401
0.403
0.314
0.248
0.426
0.335
0.194
0.067
0.080
0.163
0.031
0.170
0.127
0.393
0.335
0.339
0.433
0.427
0.595
0.545
0.553
0.513
0.272
0.509
0.399
0.543
0.351
0.374
0.638
0.350
0.393
0.134
0.279
0.431
0.231
0.468
0.488
0.781
0.428
0.664
0.705
0.712
0.745
0.642
0.930
0.762
0.545
0.595
0.553
0.783
0.510
0.627
0.623
0.656
0.473
0.391
0.665
0.745
0.469
0.695
0.974
1.250
1.259
1.498
1.394
1.805
1.841
1.825
2.005
1.872
1.845
2.047
2.068
2.206
2.105
2.250
2.161
2.281
2.311
2.124
2.357
2.399
2.326
2.305
2.212
1.964
1.685
1.501
1.110
1.096
0.904
0.547
0.627
0.316
0.495
0.500
0.317
0.348
0.126
0.238
0.160
0.155
0.075
0.088
0.483
0.352
0.392
0.393
0.479
0.544
0.467
0.577
0.513
0.666
0.389
0.437
0.358
0.238
0.508
0.339
0.542
0.353
0.160
0.300
0.275
0.425
0.236
0.423
0.749
0.665
0.623
0.481
0.866
0.813
0.587
0.701
0.780
0.954
0.605
0.606
0.548
0.579
0.559
0.475
0.701
0.623
0.308
0.415
0.487
0.548
0.629
0.800
0.850
0.982
0.863
1.144
1.448
1.546
1.291
1.577
1.723
1.729
1.774
1.897
1.804
2.117
2.166
2.162
2.202
2.121
2.196
2.228
2.260
2.476
2.479
2.686
2.590
2.553
2.280
1.910
1.738
1.426
1.138
0.848
0.660
0.557
0.391
0.295
0.200
0.269
0.148
-0.086
-0.036
-0.268
0.003
0.038
0.197
0.193
0.109
0.499
0.387
0.544
0.476
0.373
0.733
0.471
0.427
0.250
0.470
0.363
0.354
0.318
0.315
0.471
0.121
0.228
0.232
0.071
0.396
0.301
0.699
0.625
0.468
0.651
0.790
0.782
0.587
0.695
0.750
0.740
0.509
0.391
0.736
0.535
0.388
0.396
0.506
0.588
0.360
0.404
0.429
0.507
0.591
0.595
0.779
0.816
0.657
0.767
0.892
0.817
0.862
0.910
0.855
0.900
0.982
1.142
1.329
1.355
1.331
1.468
1.608
1.650
1.550
1.722
1.722
1.963
2.205
2.298
2.515
2.515
2.906
3.176
3.296
3.300
2.906
2.852
2.390
2.201
1.882
1.442
1.223
0.877
0.703
0.430
0.395
0.268
0.274
0.374
0.351
0.575
0.467
0.504
0.584
0.479
0.711
0.577
0.707
0.628
0.520
0.706
0.544
0.618
0.470
0.499
0.699
0.551
0.433
0.269
0.546
0.390
0.469
0.490
0.614
0.782
0.553
0.696
0.761
0.663
0.780
0.672
0.902
0.808
0.624
0.606
0.816
0.624
0.577
0.658
0.625
0.662
0.457
0.469
0.701
0.626
0.555
0.652
0.818
0.902
0.813
0.881
0.904
0.939
1.025
0.924
0.945
0.863
0.707
0.941
0.999
1.099
1.099
1.215
1.298
1.359
1.492
1.477
1.531
1.484
1.571
1.757
1.920
2.093
2.079
2.341
2.439
2.555
2.651
2.451
2.365
2.156
2.208
2.024
1.889
1.690
1.256
1.164
0.782
0.739
0.468
0.334
0.622
0.466
0.512
0.501
0.621
0.549
0.585
0.568
0.551
0.701
0.392
0.545
0.509
0.328
0.470
0.331
0.504
0.382
0.234
0.323
0.236
0.277
0.132
0.286
0.466
0.468
0.345
0.337
0.698
0.436
0.547
0.402
0.511
0.580
0.388
0.367
0.540
0.317
0.429
0.319
0.504
0.469
0.235
0.198
0.502
0.292
0.352
0.493
0.553
0.589
0.534
0.597
0.740
0.703
0.590
0.591
0.701
0.663
0.545
0.567
0.607
0.549
0.739
0.529
0.517
0.387
0.432
0.502
0.462
0.577
0.506
0.700
0.705
0.743
0.761
0.721
0.903
0.742
0.862
0.807
0.822
0.820
0.744
0.976
1.091
1.138
1.175
1.263
1.335
1.260
1.451
1.396
1.603
1.558
1.568
2.074
2.048
2.243
2.154
2.339
2.665
2.472
2.363
2.179
2.080
1.648
1.529
1.213
1.005
0.903
0.354
0.433
0.384
0.155
0.233
0.242
0.509
0.455
0.398
0.551
0.656
0.613
0.546
0.618
0.630
0.668
0.543
0.446
0.700
0.509
0.551
0.386
0.582
0.546
0.387
0.319
0.425
0.351
0.550
0.506
0.572
0.624
0.506
0.551
0.782
0.676
0.704
0.705
0.656
0.648
0.623
0.586
0.737
0.547
0.611
0.516
0.581
0.541
0.396
0.488
0.546
0.513
0.775
0.634
0.663
0.582
0.745
0.737
0.808
0.821
0.739
0.906
0.744
0.824
0.704
0.647
0.859
0.706
0.835
0.906
1.062
1.061
1.089
1.257
1.332
1.492
1.416
1.711
1.805
1.843
2.121
2.139
2.445
2.359
2.321
2.581
2.342
2.359
2.237
2.187
2.203
1.881
1.450
1.121
1.130
0.722
0.625
0.472
0.507
0.635
0.394
0.627
0.700
0.624
0.722
0.593
0.700
0.738
0.548
0.595
0.665
0.550
0.464
0.570
0.508
0.468
0.359
0.364
0.537
0.394
0.425
0.432
0.669
0.664
0.587
0.648
0.736
0.663
0.887
0.671
0.704
0.619
0.584
0.538
0.626
0.628
0.582
0.613
0.582
0.508
0.550
0.448
0.652
0.471
0.741
0.622
0.790
0.719
0.705
0.772
0.858
0.846
1.019
0.823
0.826
0.708
0.844
0.724
0.939
0.741
0.783
1.162
1.098
1.137
1.096
1.196
1.453
1.373
1.488
1.604
1.925
1.837
2.085
2.247
2.435
2.495
2.435
2.553
2.362
2.288
2.404
2.218
2.315
2.117
1.819
1.588
1.257
1.024
0.659
0.545
0.546
0.581
0.472
0.623
0.784
0.588
0.583
0.481
0.655
0.664
0.389
0.582
0.588
0.407
0.509
0.424
0.434
0.402
0.268
0.220
0.315
0.269
0.186
0.354
0.388
0.392
0.397
0.468
0.662
0.468
0.591
0.474
0.547
0.511
0.353
0.420
0.392
0.310
0.583
0.316
0.351
0.114
0.197
0.185
0.289
0.275
0.274
0.505
0.420
0.548
0.545
0.554
0.784
0.536
0.782
0.595
0.664
0.574
0.550
0.563
0.667
0.597
0.665
0.617
0.463
0.384
0.545
0.368
0.702
0.476
0.656
0.896
0.784
0.783
0.686
0.796
1.020
0.816
0.830
0.829
0.980
0.705
0.748
0.783
0.822
0.944
0.946
1.207
1.253
1.174
1.331
1.304
1.485
1.571
1.574
1.883
1.950
2.085
2.162
2.350
2.453
2.554
2.474
2.431
2.486
2.277
2.161
1.869
1.808
1.531
1.101
0.793
0.621
0.387
0.463
0.316
0.395
0.393
0.378
0.486
0.509
0.580
0.582
0.626
0.619
0.548
0.552
0.461
0.629
0.471
0.625
0.476
0.508
0.428
0.272
0.349
0.288
0.393
0.590
0.482
0.599
0.511
0.663
0.634
0.851
0.704
0.739
0.858
0.714
0.731
0.586
0.639
0.865
0.534
0.781
0.629
0.663
0.481
0.541
0.519
0.626
0.624
0.644
0.892
0.740
0.697
0.860
0.752
1.062
0.780
0.906
0.976
0.905
0.786
0.706
0.784
0.862
0.738
0.817
1.019
1.122
1.065
1.104
1.223
1.430
1.374
1.528
1.860
1.921
1.950
2.124
2.197
2.270
2.340
2.279
2.286
2.361
2.397
2.365
2.287
2.160
1.918
1.573
1.329
1.180
0.864
0.668
0.500
0.584
0.622
0.542
0.703
0.624
0.663
0.824
0.674
0.658
0.511
0.623
0.635
0.551
0.582
0.550
0.633
0.549
0.462
0.392
0.363
0.542
0.315
0.660
0.584
0.696
0.622
0.571
0.713
0.700
0.782
0.827
0.878
0.744
0.587
0.737
0.628
0.860
0.550
0.741
0.820
0.706
0.626
0.511
0.549
0.730
0.510
0.779
0.741
0.954
0.700
0.821
0.867
1.024
0.881
0.905
1.056
0.945
0.795
0.862
0.789
0.976
0.774
0.820
0.977
1.135
1.065
1.047
1.256
1.334
1.258
1.460
1.713
1.959
1.964
2.060
2.134
2.400
2.326
2.397
2.441
2.361
2.394
2.607
2.364
2.266
2.046
1.763
1.396
1.231
1.062
0.769
0.666
0.638
0.525
0.548
0.586
0.668
0.633
0.772
0.590
0.694
0.654
0.612
0.597
0.509
0.557
0.684
0.516
0.510
0.314
0.441
0.438
0.428
0.383
0.461
0.698
0.580
0.745
0.588
0.668
0.903
0.625
0.839
0.701
0.778
0.624
0.633
0.637
0.634
0.666
0.579
0.722
0.609
0.468
0.575
0.511
0.734
0.506
0.694
0.857
0.864
0.826
0.737
0.873
1.024
0.694
0.856
0.853
0.978
0.755
0.763
0.673
0.905
0.780
0.755
0.930
1.017
0.942
1.080
1.109
1.256
1.215
1.344
1.522
1.760
1.843
1.962
2.164
2.267
2.202
2.337
2.358
2.363
2.374
2.447
2.280
2.273
2.090
1.780
1.460
1.181
1.064
0.933
0.555
0.545
0.469
0.581
0.597
0.586
0.621
0.603
0.714
0.599
0.586
0.510
0.471
0.535
0.389
0.608
0.436
0.511
0.404
0.361
0.320
0.239
0.402
0.425
0.512
0.509
0.427
0.619
0.631
0.777
0.667
0.707
0.896
0.664
0.706
0.537
0.645
0.702
0.544
0.640
0.589
0.730
0.393
0.485
0.472
0.532
0.544
0.572
0.850
0.782
0.621
0.770
0.784
0.935
0.773
0.833
0.860
0.861
0.670
0.637
0.821
0.859
0.539
0.652
0.695
0.777
0.662
0.670
0.670
0.819
0.863
1.012
1.201
1.211
1.291
1.569
1.575
1.760
1.727
1.837
1.814
1.938
2.004
2.093
2.162
2.173
2.055
2.122
2.123
2.208
2.157
2.238
2.008
1.962
1.849
1.606
1.422
1.098
1.054
1.050
0.832
0.784
0.626
0.783
0.671
0.643
0.505
0.506
0.654
0.463
0.350
0.269
0.279
0.236
0.214
0.360
0.237
0.471
0.318
0.418
0.473
0.390
0.584
0.545
0.633
0.548
0.433
0.541
0.506
0.581
0.429
0.533
0.665
0.449
0.393
0.270
0.544
0.433
0.361
0.508
0.580
0.780
0.509
0.675
0.705
0.741
0.738
0.660
0.780
0.824
0.546
0.609
0.630
0.583
0.586
0.583
0.545
0.569
0.469
0.466
0.587
0.628
0.431
0.666
0.771
0.816
0.793
0.797
0.747
0.946
0.937
0.790
0.865
0.740
0.784
0.937
0.850
1.020
0.977
1.143
1.179
1.195
1.292
1.357
1.459
1.496
1.586
1.777
1.955
2.049
2.124
2.335
2.358
2.471
2.480
2.331
2.179
1.925
1.962
1.699
1.427
1.126
0.781
0.724
0.429
0.461
0.272
0.314
0.583
0.469
0.496
0.469
0.659
0.549
0.587
0.662
0.589
0.737
0.511
0.590
0.622
0.432
0.623
0.469
0.667
0.546
0.354
0.410
0.501
0.474
0.355
0.529
0.662
0.697
0.592
0.579
0.899
0.782
0.658
0.698
0.770
0.781
0.628
0.623
0.613
0.662
0.661
0.605
0.668
0.651
0.430
0.565
0.545
0.558
0.600
0.707
0.702
0.735
0.774
0.780
0.824
0.866
0.707
0.797
0.855
0.860
0.666
0.803
0.739
0.781
0.863
0.673
0.782
0.701
0.985
1.176
1.130
1.282
1.215
1.606
1.611
1.774
1.899
1.978
2.278
2.200
2.241
2.204
2.240
2.199
2.240
2.311
2.181
2.125
1.763
1.560
1.263
0.988
0.942
0.595
0.669
0.547
0.449
0.702
0.624
0.706
0.622
0.667
0.855
0.703
0.626
0.573
0.766
0.508
0.585
0.527
0.540
0.615
0.350
0.396
0.433
0.355
0.453
0.450
0.695
0.703
0.512
0.661
0.856
0.659
0.667
0.750
0.721
0.780
0.622
0.605
0.741
0.669
0.506
0.533
0.655
0.626
0.454
0.533
0.546
0.579
0.711
0.654
0.742
0.781
0.695
0.834
0.795
0.862
0.745
0.847
0.761
0.778
0.741
0.672
0.747
0.704
0.664
0.654
0.619
0.675
0.587
0.721
0.822
1.017
1.225
1.205
1.335
1.340
1.643
1.774
1.884
1.883
1.849
2.182
1.947
2.046
2.079
2.082
2.398
2.218
2.161
2.159
2.080
1.971
1.841
1.649
1.418
1.411
1.066
1.140
0.981
0.699
0.824
0.643
0.896
0.781
0.662
0.795
0.704
0.721
0.513
0.591
0.622
0.540
0.384
