7508.41570
5406.19876
5734.86011
6033.77649
5985.22845
6004.77147
5777.51589
5705.77416
5568.05454
5439.75814
5397.52291
5377.31275
5395.61801
5469.62353
5516.29880
5605.15822
5659.44924
5683.71167
5649.33495
5722.52686
5675.99141
5718.98727
5558.59659
5578.60905
5601.96245
5431.03591
5411.58686
5336.67889
5254.14003
5196.55896
5133.86033
5037.91083
4999.34624
4937.78145
4898.79988
4830.52891
4762.16836
4696.49182
4661.85957
4619.33121
4564.37046
4485.85020
4417.19989
4367.58050
4275.55664
4196.35142
4132.91739
4132.95351
4153.41710
4216.00780
4282.19145
4356.23539
4373.07683
4415.61070
4461.59063
4547.70013
4544.00309
4619.86937
4643.01507
4759.16772
4811.74184
4882.23032
4960.94328
5031.73459
5087.31675
5141.00167
5204.28736
5262.66109
5284.39083
5359.25004
5349.46052
5458.31750
5506.04002
5503.98211
5554.48183
5525.12769
5518.52008
5489.23857
5477.03148
5453.57662
5360.96840
5367.93600
5318.77892
5426.14203
5480.43551
5595.23551
5624.52579
5674.21486
5782.03819
5751.35381
5668.68316
5716.91875
5562.78998
5600.38815
5448.37280
5728.88538
5608.93959
5622.55856
5552.02906
5488.32681
5432.19084
5299.76098
5195.38609
5159.76582
5165.55030
5261.09461
5332.40449
5420.30978
5540.38134
5596.70051
5575.01304
5648.72464
5649.46144
5605.45192
5578.78294
5537.15453
5595.01897
5539.64227
5462.57443
5460.40432
5384.69809
5392.12652
5289.44697
5265.78131
5221.11487
5162.46643
5117.73097
5078.68544
5075.60130
5041.77186
5030.33728
5029.96697
4987.39835
4941.62798
4933.97816
4865.61254
4822.18070
4777.62408
4748.12361
4695.73847
4711.39580
4728.77751
4693.16495
4726.15415
4739.29184
4757.54301
4707.06883
4717.69858
4718.07227
4690.13780
4698.10447
4769.08390
4829.85021
4870.23649
4929.16093
4926.44200
4967.15490
5015.13197
5041.62924
5077.69541
5118.75328
5143.66137
5222.19615
5227.56076
5282.82523
5294.93250
5357.71135
5379.59660
5357.65627
5360.22835
5330.79541
5367.12465
5306.14791
5307.17062
5274.75004
5336.82180
5380.13106
5452.28165
5549.72952
5600.73520
5665.53488
5674.11891
5533.64079
5626.12418
5520.90526
5572.07924
5548.98744
5570.70366
5665.05064
5595.99020
5586.62647
5544.03358
5428.02153
5335.59316
5247.60818
5186.28312
5162.81098
5242.21584
5263.47415
5371.80854
5505.29353
5526.14286
5573.23775
5627.14569
5758.87305
5699.88927
5675.64967
5567.63455
5531.08416
5609.79784
5548.14971
5511.16963
5518.77374
5438.74854
5402.78195
5375.50903
5346.91361
5288.32729
5231.58499
5216.51616
5243.09982
5245.06096
5246.95683
5229.75653
5213.95760
5205.01916
5188.37877
5163.04938
5111.30024
5142.62841
5087.70578
5032.96885
5068.21862
5035.02856
5043.66057
5019.24987
4993.88448
5054.88571
4992.40940
4996.17266
4924.84923
4932.68744
4900.45618
4936.51288
4982.74773
5035.45033
5027.92320
5081.15462
5124.91393
5134.95764
5150.55018
5178.78742
5177.43060
5178.39381
5258.01624
5247.38868
5346.34940
5349.40839
5349.88592
5392.62888
5411.79249
5377.28805
5345.31417
5346.17405
5331.86455
5306.71652
5293.31686
5314.87891
5328.03699
5373.14483
5390.25437
5460.71299
5469.23068
5536.23169
5473.14972
5484.69884
5495.09485
5345.02666
5414.70841
5416.46912
5565.89918
5570.90081
5503.58534
5488.86864
5480.19539
5418.54650
5359.57211
5313.00758
5306.19854
5322.78028
5341.40339
5437.74451
5474.40897
5525.48570
5527.52649
5640.37955
5625.25049
5621.61009
5602.32332
5554.53415
5599.76585
5504.51094
5515.78190
5581.21736
5638.35906
5566.89591
5506.99067
5485.98119
5452.66773
5408.39201
5385.19890
5386.35629
5360.99137
5381.71447
5374.63974
5387.02770
5392.19703
5414.98995
5387.10252
5395.21309
5379.69471
5322.63085
5271.04760
5252.40278
5243.03864
5277.43303
5236.04402
5234.80338
5236.04719
5206.86312
5227.97736
5211.61932
5173.13946
5182.25737
5197.19684
5176.12118
5217.46625
5213.54170
5246.73191
5278.97284
5290.96769
5300.92392
5339.95521
5282.52100
5330.37587
5297.51109
5316.87259
5342.96921
5374.25147
5424.63209
5405.45842
5397.33374
5486.57377
5404.03895
5428.17774
5385.65585
5336.72508
5349.34133
5306.70098
5336.01222
5365.51449
5406.71177
5468.70773
5458.03315
5427.78006
5450.03899
5503.36077
5471.12032
5454.24892
5401.71644
5320.23322
5419.92040
5411.86636
5478.93088
5485.57497
5501.87448
5483.52639
5489.46451
5441.37305
5390.85257
5406.50671
5414.04583
5452.59146
5458.66629
5519.20312
5591.47977
5585.88158
5620.98519
5636.60751
5555.36649
5562.97279
5514.69625
5568.89513
5471.08963
5514.63468
5488.42857
5497.22218
5490.79828
5480.75449
5467.62643
5420.99843
5347.96957
5349.48453
5362.59194
5369.20486
5391.80451
5398.70061
5444.39826
5446.04512
5465.65861
5440.09536
5459.53617
5465.47375
5454.76030
5443.24866
5414.53575
5369.66487
5377.86869
5417.16815
5400.56894
5386.93343
5410.16086
5395.01213
5395.87154
5396.25715
5354.66163
5370.54919
5371.14372
5368.11065
5399.07329
5436.61563
5407.64348
5498.12200
5517.41968
5522.47833
5531.44205
5517.66971
5471.48302
5458.21075
5499.97800
5488.06066
5490.30487
5538.44866
5542.00446
5522.82266
5513.40194
5462.67805
5470.93217
5430.78812
5418.34599
5381.64487
5392.80040
5416.17935
5433.97789
5477.06195
5510.17944
5543.19225
5556.77385
5556.99765
5562.12022
5527.48588
5514.80562
5501.44291
5523.38696
5564.86611
5560.88789
5583.92664
5581.91866
5550.27535
5577.98049
5537.21381
5492.46112
5480.87107
5499.61947
5453.33029
5488.12191
5539.15628
5583.61725
5663.20013
5680.39766
5660.11023
5649.48644
5601.48413
5607.65697
5590.99440
5607.95039
5583.15117
5632.28180
5640.68339
5595.46564
5585.07411
5534.79326
5515.24612
5476.05945
5470.10765
5395.14621
5369.45547
5463.26733
5453.65062
5491.04289
5510.07175
5492.68896
5526.48106
5523.13850
5528.92770
5508.58314
5519.25647
5503.75079
5498.74704
5516.78945
5538.04957
5560.37906
5582.86267
5571.82998
5599.94429
5560.68113
5557.88551
5537.23468
5527.07748
5587.38254
5588.64930
5582.62978
5601.93172
5640.81543
5634.02631
5695.65045
5721.60162
5707.87760
5682.29926
5655.40712
5650.82769
5661.60307
5640.40539
5656.80573
5620.23833
5674.68376
5621.70936
5642.32339
5629.35125
5610.14343
5600.83035
5520.18396
5505.41775
5509.02236
5514.85820
5524.47664
5588.69639
5596.58037
5633.52627
5680.61521
5689.57157
5676.77002
5680.03773
5684.11908
5686.51540
5645.30566
5731.93246
5727.78037
5738.41627
5675.22436
5679.19423
5623.85981
5616.14213
5537.43115
5563.71816
5491.82312
5546.36400
5536.41028
5588.22851
5640.78463
5647.05878
5668.83210
5712.74585
5719.23066
5668.88082
5681.55573
5655.22561
5620.97107
5667.16360
5654.46656
5700.52875
5659.68684
5707.21626
5617.10973
5587.89128
5580.40144
5514.62797
5479.71063
5486.71047
5480.09003
5490.67785
5498.40556
5497.74212
5543.96054
5578.96562
5639.75877
5634.05804
5611.51160
5646.80976
5677.28958
5679.54299
5717.56127
5709.89480
5735.06991
5748.32043
5733.23939
5757.11232
5719.83727
5720.75618
5697.06421
5699.87970
5721.35144
5665.90130
5721.53194
5765.47064
5789.77495
5789.90987
5802.33073
5822.07621
5829.29500
5829.77796
5801.32130
5816.25952
5847.00922
5779.86528
5762.94917
5796.09424
5774.31138
5802.23017
5752.34400
5773.79555
5729.76428
5714.59068
5721.84533
5675.48767
5634.03868
5617.84078
5660.86964
5675.94000
5671.84643
5762.61763
5697.38872
5755.73807
5751.20227
5729.27967
5785.50566
5746.42015
5783.80180
5770.42408
5828.42226
5808.34378
5811.21535
5819.13905
5692.95807
5676.37951
5612.30400
5616.37740
5530.64913
5555.39836
5541.58596
5560.11046
5595.19415
5628.58262
5695.08954
5668.92751
5648.72202
5672.76634
5654.55377
5598.69882
5604.76958
5618.57877
5639.13836
5640.62154
5680.74115
5689.31235
5669.28085
5642.02459
5638.07184
5627.44208
5575.54088
5571.34306
5575.42761
5626.61980
5643.80344
5671.96187
5684.99827
5665.21669
5673.02763
5706.60659
5689.15004
5682.79269
5735.58965
5744.46849
5767.69779
5808.25375
5802.87408
5787.24218
5811.14302
5798.08612
5838.00957
5813.40624
5766.11654
5786.64462
5751.31446
5814.59086
5782.12506
5812.44045
5843.58446
5861.33429
5863.16564
5896.79763
5868.57659
5905.39196
5896.65179
5950.38496
5926.80068
5951.15831
5885.75875
5985.53929
5955.96648
6001.32156
5954.59264
5931.32361
5920.66547
5871.63287
5836.75518
5833.27651
5815.72610
5824.31666
5792.04623
5848.91634
5901.43481
5936.49442
5892.49390
5908.58471
5921.00952
5864.55161
5889.67933
5881.16779
5877.52249
5879.68138
5869.83897
5897.60420
5889.14783
5894.37919
5848.12319
5830.20275
5757.11849
5728.07395
5684.49683
5665.99572
5606.27277
5664.47086
5618.74662
5673.74538
5697.26266
5700.21131
5667.95339
5717.29066
5646.21028
5638.27188
5649.72001
5635.26497
5636.17229
5679.44173
5704.55674
5700.83750
5695.59320
5697.66470
5675.39114
5687.45395
5648.14147
5684.48899
5712.25146
5714.27854
5720.74277
5716.68220
5761.91195
5757.18787
5768.83905
5798.77348
5778.87681
5815.89357
5823.07724
5812.74935
5874.69801
5851.33340
5865.61205
5854.68231
5860.23564
5884.84177
5838.56768
5845.21843
5801.19486
5824.18494
5815.65548
5831.60082
5835.32887
5877.44280
5917.07954
5908.41257
5872.13119
5887.63951
5907.56083
5939.40349
5848.61121
5887.44484
5863.84805
5934.85032
5894.79124
5891.14093
5905.80909
5980.66098
5945.35848
5930.60068
5956.95822
5936.70708
5939.66839
5873.62784
5879.32843
5932.99538
5927.70373
5929.59019
6005.92127
5966.35930
5965.35071
5997.94273
6005.71262
5989.38965
5911.82310
5965.76100
5953.47921
5995.70094
5940.96172
5970.88117
5997.13684
5953.54144
5976.19668
5917.80662
5853.84486
5886.79682
5795.42277
5824.85257
5803.41429
5827.82087
5796.67774
5795.37031
5829.07561
5776.01571
5747.35260
5740.74953
5711.23394
5686.37366
5675.09942
5646.95431
5653.80358
5659.47285
5693.88263
5715.36296
5694.43530
5778.32769
5760.19028
5761.12443
5770.82241
5772.40021
5766.64710
5806.48188
5801.71036
5815.28662
5858.10191
5862.78521
5844.65897
5854.55774
5864.86438
5838.28236
5868.01078
5874.14751
5867.59430
5890.12580
5896.54761
5941.44019
5893.54731
5892.77107
5968.56499
5907.40303
5910.20559
5913.36234
5901.18708
5886.18072
5905.04320
5919.70019
5892.22152
5904.35523
5896.34609
5922.91885
5869.30958
5868.49869
5815.50075
5833.51394
5829.32283
5815.61646
5852.26602
5879.63899
5896.47886
5963.33329
5894.67702
5921.89094
5913.48868
5935.47973
5935.78243
5934.93038
5959.36514
5985.87126
5985.29385
5999.26018
6054.21356
6081.95393
6114.48329
6105.07917
6092.62370
6126.31005
6105.39449
6053.21798
6072.79141
6096.56121
6112.80975
6074.44760
6088.17968
6070.47004
6061.89720
5994.88201
5982.62814
5987.30493
5971.81664
5970.35971
5918.70990
5940.12050
5949.89660
5950.11250
5925.17634
5905.21698
5858.28969
5876.44685
5843.22932
5794.98669
5774.64748
5754.23133
5724.79486
5711.38267
5718.00301
5765.51506
5751.53871
5731.26069
5773.09697
5756.33955
5725.49832
5716.78808
5804.92714
5804.61692
5828.10610
5825.38292
5835.83694
5912.04784
5868.58977
5909.02282
5908.92830
5890.08734
5970.39162
5918.34522
5921.51853
5976.90092
5976.44651
5993.74996
5959.86561
6003.21870
5973.82999
5980.13277
5969.16319
5987.26868
5982.07363
5951.93040
5946.73468
5930.81454
5935.51416
5991.73197
5950.52061
5910.31151
5904.08504
5894.03153
5920.42633
5898.88993
5881.84596
5922.32576
5919.54956
5917.35117
5950.77969
5943.55550
5928.78997
5957.87894
5928.06219
5924.55479
5913.78898
5933.83770
5953.73429
5956.63321
6009.98794
6029.83290
6064.59630
6143.99799
6111.87513
6128.45282
6153.97674
6152.48681
6161.45928
6155.60041
6217.63914
6213.90173
6194.42685
6242.35518
6202.57460
6217.90346
6184.11063
6144.65811
6140.79709
6126.27128
6026.52777
6047.79229
6054.32303
6122.81837
6075.43284
6122.35663
6103.11292
6116.81339
6162.93838
6135.67974
6112.28828
6064.95391
6092.25155
6044.12476
6025.38043
5995.02766
5965.66913
5995.95096
5961.24276
5932.25083
5941.13448
5926.07005
5944.79704
5880.50849
5901.46636
5896.99063
5898.86440
5893.52087
5905.52731
5897.57543
5934.16034
5908.99013
5912.97386
5910.26108
5917.25953
5895.20521
5889.83744
5932.26942
5921.44389
5940.54089
5984.31828
5974.98007
6000.01525
5977.19192
5978.67860
5995.99023
5979.36212
5992.14704
5938.26984
6012.22387
5967.27912
5987.28450
5988.21738
5957.71108
5957.77626
6007.02140
5981.41300
5977.00104
5983.97483
5988.92278
5970.74524
6018.92050
6012.96646
6008.47145
6017.27967
6028.32387
6050.71962
6018.50402
5977.40607
6022.53172
6038.38946
6024.33522
6023.65242
6143.83178
6139.44251
6180.58139
6169.80792
6197.93524
6253.66749
6258.95350
6219.40292
6233.57011
6211.92213
6259.30334
6237.81945
6313.14944
6312.56796
6260.31767
6256.23698
6234.81163
6229.64554
6191.57284
6163.35226
6152.76402
6137.78992
6143.43753
6117.11940
6132.46102
6187.05049
6169.94680
6177.03934
6220.51363
6201.27558
6162.16877
6178.83393
6213.97124
6141.61193
6161.81028
6146.22216
6177.22044
6157.81454
6161.97946
6164.14758
6173.60254
6137.43528
6148.55472
6121.17188
6139.01186
6153.26345
6160.08219
6173.82787
6207.07818
6198.56869
6172.83151
6151.90366
6174.28274
6151.61759
6100.87683
6077.77560
6091.77537
6076.07240
6109.83628
6034.21470
6037.99976
6035.54864
5992.59932
6011.45506
6012.49144
5951.11697
5977.67964
5929.08685
5974.83157
5980.59370
5970.63586
5970.59609
5979.49271
5974.73514
5991.27568
5942.04257
5955.44740
5913.52995
5913.04954
5965.48904
5978.78674
5946.47275
5984.80460
6031.08971
6068.18293
6053.51750
6067.52450
6066.72474
6055.22303
6115.25451
6116.40041
6150.82487
6194.50057
6242.29260
6306.16000
6276.56413
6368.41949
6395.87269
6393.79403
6380.22082
6394.62151
6465.26331
6371.86482
6412.71874
6378.49540
6396.78193
6411.82942
6340.04302
6315.81857
6251.30420
6253.62867
6179.42593
6169.05938
6122.70372
6157.42325
6158.17718
6189.68994
6211.48967
6214.16430
6182.74121
6232.50072
6221.85774
6205.89288
6148.46746
6151.79790
6135.96621
6144.27507
6145.72229
6150.11385
6193.37901
6212.60816
6196.84523
6210.29915
6218.89481
6207.58469
6227.45252
6253.87930
6256.18343
6327.06617
6318.64352
6303.57960
6320.47699
6324.02787
6330.60966
6326.01512
6311.23894
6296.29226
6257.81336
6291.55561
6309.74433
6262.16593
6248.47308
6252.00865
6196.58297
6192.41222
6180.92061
6149.83990
6148.36832
6079.22876
6082.22029
6093.27312
6099.77973
6089.40966
6055.72004
6067.04359
6034.32390
6025.23842
6040.39805
6010.45339
5979.88860
5957.85873
5976.11875
5975.05371
5997.61727
6042.90814
6058.89120
6095.54128
6081.52346
6076.60225
6125.13394
6144.71210
6106.00682
6121.97863
6170.50353
6176.32859
6274.53925
6281.86844
6318.63595
6413.41488
6393.01870
6422.47395
6414.29736
6452.39435
6374.35200
6416.59603
6420.55075
6487.99348
6474.27397
6442.13179
6433.86690
6371.07646
6387.61621
6289.77150
6320.10564
6292.22264
6261.04624
6269.54990
6238.51664
6296.95552
6328.51166
6327.76342
6306.93478
6315.05879
6349.81943
6329.83577
6334.90695
6286.79050
6263.30009
6287.54237
6280.93345
6308.03148
6327.57992
6315.18180
6284.30548
6332.32623
6303.59285
6304.71228
6236.38751
6322.95852
6292.40187
6366.98265
6360.44103
6349.99747
6388.89825
6370.69550
6390.39318
6412.51650
6404.03120
6397.78332
6359.94468
6339.13219
6384.94681
6332.14116
6248.01534
6269.03118
6305.34893
6305.31527
6278.08787
6226.06601
6225.01522
6197.87561
6193.98834
6244.21119
6205.28891
6161.96938
6217.04271
6230.51981
6160.04437
6209.66483
6132.72313
6120.96778
6072.70208
6087.66703
6077.10880
6057.54023
6053.76351
6076.90865
6086.87266
6083.30084
6061.25761
6104.70340
6125.98492
6105.58031
6126.33639
6160.31618
6195.05493
6217.88106
6251.14025
6267.27318
6350.57375
6320.77016
6376.14007
6339.88766
6389.84059
6353.54192
6399.52521
6398.41141
6414.03143
6397.05617
6440.33705
6439.82990
6435.75434
6425.81899
6413.74237
6395.41952
6405.48542
6362.42559
6406.11185
6415.29229
6374.96887
6401.92326
6489.23706
6500.96328
6451.17367
6457.37612
6453.23509
6486.88652
6446.71430
6477.40635
6447.68471
6406.64080
6411.15289
6429.36263
6425.56134
6436.80503
6417.16254
6405.51313
6423.69679
6362.30438
6395.11042
6413.67843
6467.72236
6421.75422
6466.39655
6489.44678
6502.00921
6476.35220
6474.15171
6527.84935
6524.11399
6469.70728
6498.36097
6486.97210
6447.29110
6426.95531
6387.72109
6354.84998
6317.78799
6350.70235
6296.98296
6297.95204
6276.27627
6241.15962
6229.53034
6249.26715
6221.41217
6234.68279
6243.53285
6231.93061
6230.68997
6243.09380
6222.67963
6181.02248
6208.32120
6141.17584
6179.88593
6157.94328
6178.26763
6170.34926
6196.08380
6222.86171
6239.51310
6239.91497
6215.85315
6223.04563
6193.41261
6186.64675
6204.91659
6242.12713
6282.05775
6341.38436
6384.08639
6369.08624
6429.31240
6407.42682
6419.05261
6393.86866
6390.56820
6491.00265
6505.79398
6458.21227
6488.33726
6501.63314
6520.64444
6486.44910
6467.90112
6469.45580
6433.74460
6427.70738
6379.93976
6376.08214
6432.78128
6472.02999
6451.90901
6534.57753
6553.41495
6566.98564
6600.22929
6546.94504
6603.47420
6577.95881
6642.48275
6575.95331
6611.18623
6662.17315
6639.90615
6623.70172
6618.53932
6579.90875
6585.48467
6470.61496
6505.60966
6449.16653
6496.64657
6515.35341
6521.82579
6578.48066
6641.54308
6575.95716
6576.46212
6594.24638
6569.07130
6543.22792
6556.36626
6541.68147
6523.48786
6503.34806
6478.34159
6457.33385
6395.62215
6398.99519
6398.02024
6381.16614
6355.45661
6351.08587
6302.62560
6346.40632
6324.44675
6344.76384
6368.72472
6332.29072
6334.62152
6333.74120
6350.51420
6344.54011
6325.37622
6285.03609
6317.08118
6306.72877
6275.04754
6304.73798
6368.47630
6346.86868
6352.56968
6362.57962
6396.68110
6378.40870
6392.55011
6383.90029
6405.61797
6373.63031
6384.63007
6415.45530
6419.13505
6468.11140
6471.73377
6482.49229
6489.52918
6447.69491
6466.06423
6497.20461
6506.28680
6487.45408
6507.06146
6541.87293
6571.17935
6534.44764
6528.57022
6507.13227
6464.88761
6492.86582
6502.89629
6488.55464
6460.93807
6439.08363
6480.10698
6472.78837
6515.30683
6553.45681
6610.06316
6574.75095
6618.05885
6575.77604
6630.42799
6623.23363
6672.14512
6700.65795
6713.13726
6744.46172
6742.02940
6690.15234
6702.64370
6663.81614
6669.18652
6696.09842
6654.08871
6680.51250
6699.76812
6707.13737
6716.36142
6729.16035
6694.36207
6774.81778
6705.01978
6698.19846
6650.83803
6633.03276
6582.00882
6542.27284
6552.84084
6515.59803
6507.08339
6480.43907
6489.06771
6505.09891
6467.10644
6506.04255
6515.17420
6538.86494
6549.80030
6483.00210
6540.54219
6541.59376
6554.75630
6519.93856
6520.59335
6478.39962
6504.39764
6451.94617
6475.30167
6448.26930
6453.00744
6473.07207
6498.54631
6500.30019
6474.72076
6524.39389
6504.15226
6490.13570
6510.41215
6516.09684
6554.23201
6542.78721
6559.31486
6596.31879
6594.80390
6581.24619
6589.22587
6620.93307
6620.65512
6590.13991
6603.25042
6686.86931
6624.60889
6660.48571
6650.34427
6665.96888
6668.56319
6674.13226
6677.24360
6664.23308
6631.41583
6624.23288
6588.29800
6637.17093
6576.96797
6579.13186
6586.02324
6583.24593
6605.33903
6611.41966
6641.56392
6613.68696
6635.02873
6632.03364
6613.23847
6651.81541
6676.26360
6700.14411
6736.83388
6705.22027
6746.10170
6724.02626
6753.75458
6727.10732
6742.45911
6765.26422
6766.38346
6718.92066
6738.45486
6749.40791
6817.03976
6791.22778
6800.18675
6832.50573
6838.75272
6850.58039
6793.61568
6811.34112
6802.87082
6737.53623
6734.90218
6702.47679
6669.55309
6615.71982
6664.14421
6636.05165
6624.12954
6593.15750
6565.59724
6597.09079
6614.91060
6652.28139
6639.06621
6645.83994
6629.99833
6618.51784
6626.28577
6640.52059
6619.35833
6587.67229
6595.03516
6574.60847
6526.59185
6538.76130
6574.29900
6525.02131
6522.78325
6559.57958
6598.32822
6593.69019
6567.28668
6574.81304
6571.42224
6603.17309
6586.24865
6604.06718
6615.33426
6630.74791
6643.42970
6686.50304
6653.73232
6690.12921
6681.52864
6654.85123
6676.75477
6707.16732
6704.62825
6722.86735
6708.80627
6736.47937
6710.03578
6740.69897
6778.55775
6737.07014
6740.89630
6750.96375
6726.93217
6742.14492
6716.07776
6733.33768
6719.51407
6772.61140
6721.65168
6734.34561
6767.90913
6728.09864
6768.41341
6743.83767
6784.66409
6736.41239
6781.61854
6790.59166
6776.32269
6813.34225
6802.70453
6770.07608
6761.86436
6797.90013
6774.65240
6796.40598
6761.87105
6838.57681
6873.14034
6824.04152
6902.38108
6906.81969
6944.28460
6919.67173
6888.10620
6937.79997
6855.87753
6852.01441
6821.30823
6813.63396
6782.71265
6763.88158
6732.47135
6740.34263
6692.65045
6697.15098
6736.11513
6713.79359
6729.81119
6770.17520
6796.73118
6775.91740
6776.52929
6787.02412
6793.31696
6806.45944
6791.21257
6747.52165
6744.12096
6705.49404
6723.53454
6674.79429
6698.48801
6689.75820
6676.83190
6693.21335
6670.27175
6651.03338
6666.40285
6633.46424
6588.75167
6628.65220
6616.58036
6639.22193
6668.33436
6694.74261
6678.23175
6635.65596
6689.10211
6682.18243
6739.39215
6701.26754
6769.91529
6734.87498
6752.88624
6732.38543
6735.25033
6781.99845
6800.92451
6766.85904
6790.12653
6792.55091
6799.91733
6777.25495
6752.44641
6755.48395
6764.05708
6823.95566
6811.07616
6794.99772
6816.90191
6831.05019
6796.27826
6826.53871
6886.90308
6825.06935
6871.17851
6897.21569
6887.58089
6922.22739
6931.11063
6956.29000
6893.78945
6911.06095
6917.86842
6864.30502
6843.05995
6866.40622
6887.31939
6849.37326
6889.31731
6905.09714
6928.44969
6922.34333
6935.80677
6949.61505
6961.29726
6965.77320
6973.55204
6968.76761
6965.84769
7012.53459
6988.81319
6984.82383
6947.49824
6944.37590
6952.45630
6925.40720
6866.03251
6902.74934
6874.83281
6878.17176
6883.06905
6912.46394
6942.46049
6877.24824
6897.05918
6892.30104
6914.91496
6902.29239
6863.55159
6871.11099
6859.26921
6813.51659
6816.45587
6828.10575
6832.37201
6787.96321
6818.30662
6802.24612
6788.07383
6783.57396
6770.88673
6755.10673
6768.27013
6746.31949
6783.31464
6765.60312
6729.27419
6771.14258
6818.98901
6756.46035
6786.95894
6778.86404
6799.44699
6823.37196
6815.91143
6852.24818
6836.02867
6838.10274
6807.39413
6838.58932
6810.92231
6845.54854
6844.11492
6876.40080
6877.21428
6906.28986
6881.38689
6877.50880
6901.35281
6882.92076
6927.60046
6898.02774
6888.84327
6881.67460
6960.13521
7001.82618
6970.01368
6958.24249
6996.63603
7029.42498
6995.57772
7043.48024
6983.22695
7023.04112
7008.60131
6966.29557
6982.30968
6941.04250
6922.54175
6890.48260
6953.56513
6946.96174
6966.71222
6998.38572
6988.17761
6996.18752
6964.35764
6962.34574
6952.66378
6962.58514
6937.95152
6997.83046
6994.66220
7015.47489
7036.31198
6996.31178
7046.81593
7007.79372
7046.13902
7046.09899
7037.01518
7063.90524
7022.12609
7048.57177
7036.87224
7041.67886
7031.17509
7017.25203
7051.03231
7022.66768
6995.59441
7001.35214
7013.66235
6999.71556
7000.35629
6998.31219
7052.02571
6961.07210
6955.58910
6953.75965
6974.79233
6954.61762
6941.20160
6929.63948
6909.63628
6896.03545
6948.43564
6895.52106
6918.99307
6909.76040
6917.83629
6946.08594
6909.06860
6907.96199
6895.05791
6873.69952
6914.73532
6917.80494
6899.18885
6917.14482
6924.31925
6949.07930
6949.06213
6946.58558
6953.96629
6994.91818
7002.84177
7003.95780
7021.78525
7009.84238
7080.67686
7010.67191
7097.45550
7059.71901
7065.63014
7118.48351
7084.58899
7075.73896
7098.43911
7099.55342
7111.58418
7136.84025
7142.62301
7160.33418
7128.22439
7138.74754
7103.95959
7135.85679
7079.34134
7051.30874
7105.53882
7062.29412
7077.63591
7068.32419
7050.25507
7072.27989
7077.47876
7084.89020
7062.83402
6990.90189
6982.91978
6949.97265
6918.66078
6949.58049
6904.73636
7005.05147
7016.98564
7037.54609
7059.40075
7068.86102
7132.51417
7070.57384
7080.50443
7103.62381
7104.24101
7119.98026
7084.23539
7139.17363
7141.27013
7065.63337
7122.57594
7128.05275
7129.78699
7125.53339
7094.84550
7130.15124
7132.62639
7097.35184
7117.06011
7076.44560
7052.39446
7116.88594
7087.41488
7061.26359
7070.85950
7096.80697
7086.98832
7062.05942
7058.98432
7044.31971
7048.92819
7059.41173
7066.39220
7057.23479
6999.59405
7000.53955
7023.53423
7026.60670
7017.35405
7013.62135
7035.76348
6990.84692
7063.38059
7034.59534
7030.48301
7013.77650
7079.85015
7046.77932
7072.76747
7110.75130
7117.34118
7131.01978
7135.28806
7148.21478
7134.24898
7156.60896
7172.32788
7187.28067
7222.13107
7214.21108
7195.54467
7224.07731
7227.82890
7251.92823
7264.97743
7310.05551
7259.49948
7239.60437
7274.90565
7224.29015
7231.69011
7231.54051
7213.47382
7219.14270
7250.26905
7242.41660
7228.89959
7233.20249
7216.89383
7224.19506
7199.38514
7169.75918
7150.89026
7096.50875
7107.72796
7113.90488
7101.41766
7096.79875
7077.01010
7106.12725
7161.79033
7153.38143
7175.89231
7184.42546
7144.12236
7158.45755
7186.58248
7150.67517
7197.61991
7203.93934
7179.64170
7203.79305
7211.78290
7177.11918
7236.25755
7188.62972
7231.81740
7214.40363
7173.40968
7224.80854
7212.77897
7169.20261
7233.22683
7174.33329
7199.27347
7177.52225
7192.21863
7177.93016
7204.41306
7154.94209
7193.44497
7200.13227
7204.00127
7156.84775
7145.46281
7169.76266
7145.94248
7135.73981
7159.78560
7148.38370
7168.07997
7119.06901
7200.71653
7148.65195
7149.98804
7148.66503
7144.89165
7155.67562
7146.06538
7112.39512
7157.15403
7124.55091
7175.74970
7199.13797
7174.04393
7173.28886
7214.53831
7241.19915
7230.71570
7204.21365
7244.71611
7270.84409
7254.87683
7303.44609
7288.22713
7316.02006
7337.89157
7312.03873
7286.46291
7342.60818
7325.55910
7335.20684
7325.93306
7298.18656
7269.78817
7297.60168
7280.08697
7312.09899
7266.64671
7304.57338
7313.08471
7320.37981
7325.28988
7311.44278
7245.99974
7310.01396
7254.10863
7242.91872
7270.38589
7280.61364
7265.65614
7310.38697
7276.40482
7297.19054
7259.47151
7236.84419
7217.74544
7227.43814
7206.65491
7242.21823
7227.72997
7238.77420
7255.56184
7249.35722
7267.29051
7282.57259
7275.23730
7283.13619
7292.90264
7288.63444
7288.34649
7276.79730
7273.76333
7306.41114
7269.53606
7275.73343
7313.81298
7292.25917
7275.01175
7307.34288
7292.42061
7322.76531
7293.61951
7271.50891
7319.18948
7327.65970
7303.80376
7297.51440
7244.81925
7296.01402
7281.41434
7281.68694
7252.02828
7315.21897
7299.29789
7274.53305
7282.11303
7293.38526
7297.04890
7241.60629
7256.49308
7275.94194
7243.29985
7269.08903
7230.80288
7306.39529
7304.74411
7300.50260
7270.36608
7301.49567
7319.20911
7308.65108
7348.64246
7325.11082
7355.26219
7366.15134
7388.99162
7389.83463
7369.89730
7342.02469
7397.50734
7362.24274
7406.03670
7399.67563
7409.33775
7406.12805
7398.00945
7386.92437
7389.16523
7373.56213
7400.62736
7400.77193
7375.54317
7385.46265
7381.77277
7379.69306
7353.43032
7400.40835
7353.32056
7362.57890
7390.66939
7332.76237
7399.50051
7381.03022
7372.50472
7352.00036
7329.79722
7314.42409
7322.71379
7299.97274
7304.97348
7290.50161
7326.74119
7325.61257
7338.26552
7326.35638
7342.33704
7345.90064
7406.03371
7341.60147
7377.62786
7351.13519
7339.58116
7375.28064
7379.63011
7411.15005
7373.87177
7362.35037
7372.05689
7359.79285
7389.78038
7412.19697
7401.54007
7466.29874
7385.96722
7414.97076
7387.00280
7384.62076
7392.04849
7409.74807
7342.58202
7367.60082
7413.39414
7392.16246
7359.13954
7382.48037
7377.78046
7427.30350
7413.25860
7375.48518
7425.20153
7390.12994
7382.11936
7390.43802
7383.24063
7380.73278
7374.77112
7426.09602
7412.71636
7422.77700
7437.47087
7412.47464
7416.12128
7444.19193
7409.00861
7439.76479
7430.03602
7434.77088
7432.94077
7480.94392
7446.75840
7440.23380
7492.00304
7507.92016
7475.38525
7467.81274
7482.52080
7461.60870
7461.82058
7481.16549
7462.86290
7472.40142
7470.81165
7477.75840
7467.58720
7447.09267
7510.32243
7453.66292
7485.79952
7459.45596
7471.92013
7471.97272
7411.85816
7479.17677
7462.15365
7421.93868
7467.28872
7434.03964
7442.95518
7439.42590
7474.08829
7443.12693
7425.85727
7424.58858
7420.27054
7440.03809
7497.20905
7455.38951
7481.22933
7442.99028
7457.94661
7424.70010
7457.14251
7446.33670
7492.67172
7457.79783
7438.56200
7435.68018
7484.12366
7468.32166
7482.88933
7433.31080
7438.16940
7444.34255
7486.42674
7456.07459
7460.06011
7473.77647
7462.30871
7461.71852
7464.62682
7461.29406
7477.02625
7448.24461
7456.87446
7511.40522
7474.89134
7521.00000
7502.75894
7497.69181
7492.28013
7435.74052
7466.10976
7510.16714
