0.23826
0.25907
0.25484
0.21973
0.32851
0.38625
0.37614
0.34428
0.36140
0.45323
0.33471
0.32833
0.24616
0.30387
0.22772
0.25473
0.27742
0.26388
0.25559
0.26397
0.24528
0.29834
0.21619
0.25296
0.27225
0.31337
0.35332
0.31800
0.31753
0.43704
0.35182
0.34697
0.29058
0.34006
0.27193
0.36666
0.40996
0.49687
0.51853
0.64113
0.68957
0.71689
0.74792
0.72310
0.74902
0.76825
0.74820
0.67695
0.62192
0.55423
0.45935
0.46162
0.42020
0.08654
0.11149
0.14580
0.27488
0.21768
0.38281
0.32824
0.53132
0.56741
0.62741
0.73579
0.75193
0.78303
0.70540
0.40086
0.30294
0.25919
0.29712
0.22310
0.25965
0.33576
0.24576
0.31745
0.31669
0.43273
0.28004
0.23929
0.27869
0.25669
0.25688
0.30492
0.23188
0.26438
0.22828
0.25390
0.24486
0.26530
0.25971
0.22640
0.23926
0.25632
0.39590
0.56401
0.67341
0.74283
0.66439
0.63365
0.58173
0.60884
0.43177
0.36075
0.30175
0.27120
0.25595
0.32356
0.23820
0.26199
0.23488
0.32963
0.22321
0.25463
0.25686
0.31638
0.43033
0.54879
0.51111
0.78444
0.65606
0.61411
0.68977
0.64499
0.63272
0.60904
0.65025
0.65351
0.65876
0.65547
0.70034
0.69779
0.78342
0.75517
0.77929
0.74673
0.79033
0.77002
0.76235
0.64807
0.62407
0.60830
0.54896
0.47788
0.46810
0.16109
0.09903
0.06327
0.23146
0.28173
0.29597
0.37588
0.49513
0.61064
0.64370
0.69553
0.77607
0.73612
0.67907
0.26649
0.27479
0.27871
0.23080
0.26064
0.32857
0.38738
0.43813
0.34962
0.39914
0.34435
0.32886
0.43782
0.29588
0.26623
0.25080
0.25540
0.23111
0.24572
0.33326
0.21850
0.27414
0.28362
0.22968
0.22133
0.26915
0.44202
0.61789
0.63436
0.68607
0.71842
0.67868
0.70173
0.68507
0.48271
0.36224
0.32511
0.25243
0.30768
0.26916
0.23782
0.24333
0.25147
0.28674
0.26785
0.28928
0.28966
0.34539
0.39925
0.41196
0.44077
0.48792
0.58269
0.59107
0.66119
0.65020
0.65402
0.67796
0.70503
0.73691
0.68242
0.71596
0.76681
0.78619
0.81616
0.73343
0.78306
0.70538
0.69871
0.74024
0.71452
0.62663
0.60166
0.55087
0.53046
0.47820
0.33491
0.24196
0.13089
0.06183
0.11738
0.27742
0.36075
0.52231
0.62453
0.71849
0.78523
0.78184
0.55834
0.34760
0.25517
0.27786
0.22792
0.22993
0.26492
0.30186
0.24233
0.25983
0.28506
0.41982
0.38232
0.59204
0.52098
0.60710
0.62901
0.48729
0.29453
0.22423
0.26557
0.24009
0.28359
0.26611
0.24290
0.25828
0.29164
0.25044
0.26089
0.28749
0.54607
0.46321
0.59971
0.59263
0.70014
0.71036
0.71296
0.66951
0.60062
0.52317
0.49371
0.28972
0.23779
0.23483
0.31758
0.33307
0.29527
0.26122
0.24597
0.33234
0.34255
0.32435
0.36336
0.43335
0.47199
0.49565
0.53355
0.55043
0.59557
0.64738
0.69565
0.69560
0.66727
0.71912
0.74337
0.70970
0.77117
0.74370
0.76185
0.81056
0.75836
0.79318
0.67126
0.71932
0.69895
0.65899
0.64415
0.58750
0.50633
0.51425
0.45067
0.34932
0.26958
0.22373
0.07568
0.12711
0.22486
0.41348
0.52448
0.57618
0.74405
0.77220
0.77579
0.34137
0.23259
0.24783
0.21806
0.25022
0.27283
0.26763
0.21870
0.26511
0.24849
0.34137
0.54266
0.39485
0.37486
0.53300
0.67919
0.53680
0.60302
0.27114
0.60062
0.28691
0.26457
0.34573
0.40243
0.33497
0.25813
0.26950
0.34395
0.24727
0.29295
0.31712
0.47867
0.66600
0.35290
0.59052
0.77033
0.73818
0.48992
0.54971
0.75616
0.59372
0.39469
0.24559
0.33494
0.46109
0.24650
0.29482
0.22979
0.33204
0.26859
0.24881
0.23779
0.36450
0.28370
0.35823
0.41298
0.58019
0.44302
0.67685
0.62742
0.71095
0.57382
0.62568
0.66407
0.66625
0.70319
0.73256
0.73780
0.76596
0.75202
0.77349
0.75930
0.81585
0.72733
0.65958
0.74300
0.69309
0.61802
0.57703
0.37927
0.44646
0.32869
0.08612
0.14262
0.14391
0.20746
0.26677
0.37317
0.46575
0.57369
0.73119
0.69141
0.73988
0.76228
0.67941
0.48735
0.31285
0.27875
0.23738
0.30037
0.24196
0.26122
0.27968
0.47409
0.25002
0.39546
0.51984
0.49344
0.44193
0.26828
0.39796
0.54142
0.41367
0.21998
0.27580
0.28512
0.28124
0.28522
0.24267
0.24365
0.27080
0.23194
0.22291
0.28530
0.63949
0.24164
0.32893
0.71754
0.70998
0.61485
0.51023
0.54125
0.73338
0.34211
0.47041
0.51870
0.40214
0.27884
0.33588
0.30016
0.31562
0.21544
0.27235
0.28134
0.34474
0.26113
0.26722
0.26057
0.49674
0.53823
0.45860
0.63406
0.60448
0.54392
0.48232
0.54943
0.38064
0.22814
0.69402
0.43973
0.46261
0.34773
0.44183
0.51591
0.38160
0.42390
0.54302
0.59124
0.67143
0.75031
0.77302
0.77167
0.77422
0.77137
0.65014
0.69883
0.58856
0.53318
0.49836
0.37257
0.52088
0.34814
0.08491
0.22164
0.19072
0.37302
0.11499
0.16380
0.28811
0.57085
0.70437
0.74359
0.79107
0.72505
0.74675
0.79225
0.67899
0.68907
0.71160
0.62115
0.48528
0.32923
0.35295
0.25958
0.24831
0.38592
0.26779
0.30027
0.25524
0.27138
0.25304
0.29697
0.22733
0.24479
0.24238
0.30060
0.45780
0.45644
0.27879
0.71396
0.72340
0.60298
0.66769
0.50008
0.78877
0.37662
0.29604
0.32981
0.34841
0.38954
0.24021
0.26041
0.35114
0.22380
0.29549
0.26588
0.24152
0.27438
0.24864
0.30534
0.38915
0.59267
0.56801
0.69558
0.71817
0.34251
0.59618
0.29317
0.55635
0.36437
0.36428
0.34313
0.33999
0.49779
0.39436
0.40820
0.23465
0.29530
0.59626
0.50633
0.56458
0.35513
0.69247
0.62553
0.69201
0.73662
0.73738
0.80078
0.78741
0.75498
0.71521
0.74190
0.64786
0.65291
0.50460
0.59699
0.57512
0.57235
0.31421
0.57205
0.45599
0.39993
0.29240
0.25984
0.22765
0.25130
0.07362
0.12135
0.49566
0.73505
0.69394
0.70263
0.73888
0.71981
0.55082
0.61585
0.30414
0.22078
0.26252
0.33802
0.26104
0.25069
0.27085
0.24850
0.22892
0.25130
0.19805
0.30219
0.31333
0.24943
0.27574
0.65420
0.55492
0.48442
0.45580
0.67966
0.71023
0.34397
0.29155
0.34386
0.36933
0.28314
0.30604
0.26472
0.53998
0.23328
0.24422
0.25736
0.25331
0.34126
0.24451
0.35396
0.53169
0.37345
0.76714
0.67892
0.63565
0.69818
0.54285
0.62384
0.35801
0.35987
0.39780
0.56299
0.26514
0.23683
0.29251
0.25744
0.29166
0.24901
0.39338
0.39187
0.36408
0.53520
0.40957
0.48507
0.53398
0.57383
0.69602
0.64664
0.63008
0.66246
0.74835
0.75164
0.69838
0.78564
0.76309
0.72005
0.75534
0.78623
0.70766
0.72963
0.66809
0.74019
0.60809
0.63255
0.59256
0.57262
0.52498
0.44523
0.49024
0.11233
0.21666
0.24848
0.23684
0.31562
0.07759
0.36346
0.56078
0.79226
0.77693
0.72631
0.61827
0.52100
0.27489
0.22795
0.29438
0.26033
0.26227
0.26682
0.35159
0.21333
0.28430
0.37689
0.34503
0.56407
0.51808
0.49301
0.57826
0.36547
0.68040
0.36768
0.34298
0.22270
0.27118
0.24542
0.30428
0.21417
0.24318
0.34250
0.28341
0.24228
0.30271
0.22573
0.64651
0.28312
0.68265
0.57251
0.78976
0.63018
0.67372
0.77845
0.72897
0.36039
0.31051
0.57652
0.36934
0.25913
0.73490
0.35304
0.23832
0.34191
0.45599
0.73693
0.26650
0.24392
0.32302
0.27232
0.70353
0.35131
0.13451
0.35598
0.49869
0.56116
0.64504
0.60447
0.32880
0.74338
0.80322
0.77079
0.28482
0.25902
0.78162
0.30889
0.43093
0.26335
0.28244
0.51131
0.29219
0.23279
0.62593
0.26736
0.37774
0.64576
0.76059
0.80347
0.74017
0.35079
0.76285
0.45460
0.36068
0.49410
0.39341
0.27337
0.41444
0.24324
0.28663
0.25592
0.27200
0.25261
0.32944
0.36643
0.34800
0.27558
0.36258
0.31712
0.51198
0.45230
0.63727
0.35804
0.69079
0.66020
0.64690
0.70147
0.77146
0.75879
0.75772
0.78309
0.70796
0.70857
0.79139
0.80213
0.75354
0.66714
0.64667
0.55839
0.55926
0.51188
0.46109
0.36645
0.26762
0.12232
0.18125
0.29289
0.06046
0.36432
0.28744
0.54779
0.71121
0.69992
0.77568
0.74216
0.28422
0.26831
0.35287
0.21988
0.25640
0.23639
0.30145
0.24924
0.30486
0.24564
0.33101
0.60754
0.38040
0.56418
0.55148
0.47988
0.49420
0.33660
0.53720
0.61806
0.41911
0.23655
0.27777
0.34381
0.24715
0.34399
0.35521
0.29508
0.27141
0.27718
0.69791
0.44117
0.54145
0.28742
0.74761
0.78862
0.81644
0.46002
0.72424
0.41104
0.37532
0.56413
0.42779
0.41172
0.77880
0.28020
0.31524
0.33054
0.27445
0.26266
0.24754
0.22779
0.42045
0.29174
0.60443
0.26295
0.63857
0.54358
0.72578
0.71376
0.68534
0.35759
0.68005
0.46327
0.42500
0.22860
0.36309
0.24454
0.46031
0.32921
0.42467
0.34808
0.37817
0.61087
0.37947
0.53013
0.45289
0.58833
0.69496
0.72488
0.75258
0.79135
0.83209
0.77807
0.80501
0.74235
0.75465
0.65314
0.68146
0.22160
0.31180
0.43755
0.12909
0.44968
0.06776
0.18708
0.35680
0.43568
0.51278
0.47064
0.57272
0.35076
0.45418
0.67613
0.73158
0.76879
0.74140
0.70329
0.69624
0.44474
0.60670
0.59618
0.23670
0.28252
0.29774
0.23693
0.25739
0.24952
0.28371
0.29307
0.24224
0.25103
0.35388
0.27766
0.24067
0.35356
0.60710
0.38936
0.65987
0.44071
0.77196
0.63771
0.48619
0.32955
0.54639
0.45851
0.41868
0.26408
0.30996
0.25779
0.22276
0.25463
0.30659
0.23842
0.28531
0.23900
0.34004
0.62232
0.40418
0.67675
0.63662
0.56149
0.75423
0.49551
0.74147
0.35302
0.41656
0.24939
0.41404
0.34240
0.22036
0.22058
0.33348
0.33776
0.25910
0.34710
0.33035
0.25744
0.41935
0.39161
0.64467
0.46787
0.56331
0.76137
0.67350
0.68341
0.62840
0.65123
0.75856
0.65502
0.72653
0.72970
0.74686
0.75449
0.78483
0.79280
0.80414
0.75607
0.75761
0.60637
0.71471
0.64437
0.57239
0.55220
0.34715
0.34468
0.25949
0.07882
0.09204
0.21779
0.34934
0.42281
0.52332
0.49792
0.59154
0.64602
0.81145
0.83713
0.51259
0.23310
0.31133
0.28400
0.28332
0.26393
0.25829
0.23041
0.25040
0.25390
0.34290
0.40090
0.50573
0.34936
0.64075
0.50703
0.50224
0.65828
0.46039
0.33203
0.56905
0.21122
0.42809
0.28061
0.27859
0.22945
0.26510
0.32135
0.23628
0.22872
0.29522
0.25702
0.57739
0.44462
0.63932
0.37224
0.75804
0.43462
0.68973
0.54392
0.54918
0.73374
0.39069
0.41030
0.20642
0.23339
0.48584
0.25852
0.28571
0.28122
0.29242
0.22746
0.26139
0.27441
0.54200
0.35524
0.60335
0.65121
0.53526
0.41276
0.50568
0.23646
0.63713
0.24567
0.35753
0.60891
0.41307
0.44299
0.26078
0.35820
0.55550
0.36514
0.40978
0.47228
0.61533
0.46600
0.57794
0.54760
0.68317
0.68183
0.69308
0.80142
0.72346
0.75717
0.75287
0.75691
0.76371
0.67581
0.76389
0.72023
0.73314
0.60652
0.64540
0.49398
0.40461
0.36940
0.49786
0.39023
0.24021
0.29589
0.14178
0.12554
0.06174
0.32441
0.61464
0.69570
0.75041
0.82429
0.75013
0.72128
0.53097
0.25977
0.24392
0.26015
0.27104
0.23341
0.24694
0.28190
0.22457
0.25248
0.31189
0.22556
0.29257
0.25465
0.25941
0.28151
0.35850
0.55957
0.67072
0.39829
0.46859
0.48180
0.57948
0.56788
0.39931
0.22397
0.33820
0.27021
0.54303
0.25953
0.23558
0.52398
0.26741
0.24830
0.30335
0.23584
0.76127
0.27986
0.59154
0.49626
0.71529
0.51526
0.63801
0.50022
0.65826
0.43829
0.30936
0.61809
0.30445
0.24181
0.28924
0.23468
0.42080
0.24115
0.35005
0.37660
0.41400
0.37453
0.39884
0.50146
0.62023
0.52145
0.54070
0.70271
0.70016
0.65526
0.67563
0.68300
0.71958
0.71307
0.75979
0.78438
0.78171
0.80677
0.79072
0.76430
0.73452
0.69257
0.69076
0.65151
0.66823
0.61142
0.60651
0.56369
0.41740
0.23068
0.21724
0.07890
0.12349
0.13116
0.29429
0.38749
0.49887
0.55552
0.69294
0.72631
0.71045
0.49596
0.27866
0.27974
0.25542
0.23926
0.25711
0.27084
0.24744
0.24034
0.24911
0.46378
0.28133
0.55610
0.37785
0.46349
0.66961
0.42020
0.58530
0.53589
0.50827
0.32659
0.37783
0.28866
0.27503
0.28787
0.25517
0.51043
0.27054
0.22742
0.34370
0.26403
0.75007
0.25556
0.39445
0.69276
0.73048
0.76007
0.59583
0.69901
0.53066
0.55964
0.58261
0.66907
0.76332
0.29696
0.52602
0.28663
0.74124
0.23889
0.24690
0.60044
0.45533
0.26736
0.26360
0.23852
0.71224
0.31642
0.64992
0.65644
0.69588
0.53809
0.39413
0.56713
0.60127
0.41414
0.28429
0.37038
0.44186
0.33846
0.27927
0.26674
0.34384
0.27756
0.29931
0.30999
0.24497
0.26412
0.23592
0.23032
0.30785
0.24382
0.36253
0.42986
0.52166
0.60049
0.38108
0.63667
0.58726
0.49082
0.35309
0.43099
0.52216
0.33410
0.33964
0.36272
0.48940
0.56112
0.44709
0.49934
0.50997
0.67512
0.69830
0.69428
0.72618
0.75799
0.73295
0.78599
0.78308
0.79788
0.76108
0.65151
0.69428
0.64247
0.68681
0.58217
0.31450
0.52680
0.32440
0.35260
0.21288
0.38709
0.33758
0.40411
0.39195
0.14058
0.14190
0.05765
0.69146
0.73476
0.80450
0.72147
0.77542
0.43786
0.49572
0.39085
0.26745
0.30094
0.21803
0.25866
0.36355
0.27325
0.31860
0.24113
0.34967
0.25460
0.32382
0.29391
0.32395
0.26032
0.26787
0.68700
0.66215
0.64275
0.56670
0.58165
0.71576
0.47851
0.43888
0.29741
0.24937
0.34879
0.23229
0.26168
0.45268
0.23988
0.24311
0.32850
0.28602
0.25205
0.31969
0.24969
0.58129
0.63555
0.28607
0.64406
0.46902
0.68281
0.61072
0.32866
0.63591
0.42826
0.35323
0.43544
0.53953
0.57084
0.42475
0.65972
0.53072
0.55816
0.46998
0.56179
0.70192
0.69669
0.72328
0.71699
0.81698
0.78609
0.77457
0.68747
0.68933
0.58385
0.54824
0.18829
0.57216
0.45038
0.25751
0.31542
0.13123
0.34501
0.31518
0.07006
0.32528
0.46798
0.61452
0.57152
0.65199
0.74904
0.78059
0.75902
0.77283
0.70321
0.54729
0.39821
0.21842
0.32608
0.28231
0.37234
0.30917
0.25649
0.26794
0.26380
0.27250
0.23801
0.31428
0.28260
0.28661
0.26013
0.25596
0.25640
0.40757
0.26825
0.33061
0.50753
0.72865
0.64771
0.58733
0.36836
0.69480
0.58654
0.30503
0.43018
0.30453
0.31612
0.29647
0.26060
0.37905
0.26511
0.27099
0.25275
0.21725
0.25662
0.24355
0.35427
0.40677
0.35141
0.58934
0.68027
0.66143
0.73127
0.63567
0.57198
0.72091
0.67427
0.51432
0.67174
0.54782
0.74783
0.70084
0.72744
0.73603
0.74725
0.78616
0.78208
0.82574
0.75865
0.72154
0.61546
0.78811
0.60880
0.50520
0.47473
0.41925
0.30075
0.12890
0.16793
0.05735
0.32794
0.26975
0.33393
0.51622
0.47232
0.66219
0.67685
0.68733
0.75981
0.63828
0.29768
0.30662
0.24046
0.24591
0.36113
0.24751
0.28174
0.30116
0.48349
0.31888
0.32716
0.38142
0.41238
0.55880
0.24707
0.35131
0.30856
0.34100
0.23342
0.28077
0.25766
0.31812
0.24635
0.26356
0.29108
0.26066
0.32846
0.67710
0.58026
0.69698
0.63293
0.56392
0.68694
0.69371
0.45104
0.34649
0.29176
0.46556
0.38891
0.30529
0.24610
0.29879
0.26335
0.21752
0.28683
0.25515
0.30868
0.32111
0.32359
0.48647
0.48387
0.57439
0.53963
0.61111
0.68796
0.61418
0.71271
0.68843
0.71319
0.74461
0.68732
0.81501
0.76317
0.85845
0.77298
0.72897
0.71094
0.77911
0.67790
0.65582
0.63189
0.69142
0.55088
0.49469
0.50363
0.28685
0.30520
0.15098
0.16763
0.17403
0.06036
0.35343
0.45613
0.61376
0.63007
0.74706
0.77804
0.65818
0.31956
0.22958
0.30855
0.26709
0.26071
0.25543
0.32460
0.27152
0.30663
0.37457
0.30724
0.37511
0.60498
0.36171
0.31367
0.62734
0.58947
0.62599
0.25960
0.26959
0.49377
0.34573
0.25094
0.26567
0.27027
0.30784
0.19996
0.25558
0.24779
0.40672
0.22687
0.36435
0.62353
0.71315
0.77684
0.42538
0.64953
0.53078
0.43196
0.62142
0.41320
0.32176
0.32780
0.25395
0.44245
0.36577
0.30401
0.33343
0.36323
0.48468
0.41188
0.29886
0.35936
0.61049
0.63091
0.57181
0.65427
0.63129
0.68244
0.74283
0.72717
0.76739
0.73943
0.77025
0.79347
0.77133
0.75337
0.71755
0.56943
0.67574
0.68768
0.64868
0.50797
0.54400
0.52830
0.51814
0.48443
0.35605
0.29679
0.12884
0.06681
0.18311
0.16006
0.43027
0.42809
0.58761
0.79108
0.70561
0.59578
0.54500
0.24330
0.24390
0.31045
0.24569
0.26973
0.21842
0.33559
0.26788
0.25565
0.27839
0.24404
0.45861
0.28733
0.44408
0.60302
0.44773
0.50069
0.48497
0.64138
0.59826
0.56383
0.26136
0.58072
0.27335
0.25564
0.28000
0.32752
0.30469
0.23887
0.24409
0.33097
0.24353
0.22168
0.26783
0.65603
0.68108
0.75306
0.59846
0.73016
0.66632
0.68008
0.61815
0.54729
0.34257
0.34672
0.27727
0.25769
0.40777
0.29390
0.32137
0.29296
0.30441
0.43769
0.33580
0.57181
0.41746
0.55591
0.57509
0.63740
0.69353
0.70386
0.70792
0.73247
0.76732
0.74388
0.76493
0.76731
0.73019
0.66236
0.72216
0.49815
0.63987
0.66380
0.36868
0.65773
0.50210
0.52180
0.44223
0.26058
0.31766
0.15956
0.13426
0.05866
0.28313
0.46676
0.64342
0.67854
0.73367
0.68912
0.74063
0.64301
0.23993
0.28501
0.23239
0.41578
0.27977
0.25576
0.23365
0.29056
0.25092
0.24430
0.22380
0.33398
0.38509
0.26420
0.26032
0.65106
0.41906
0.58429
0.30301
0.60541
0.68750
0.48076
0.26493
0.44599
0.21565
0.23580
0.26610
0.34261
0.31925
0.38983
0.26756
0.31116
0.23592
0.25533
0.43063
0.49969
0.50633
0.66398
0.50054
0.75618
0.65881
0.68471
0.58410
0.64796
0.55834
0.43237
0.24368
0.35117
0.30092
0.37492
0.33721
0.28083
0.30693
0.37462
0.32795
0.36554
0.44436
0.45958
0.62905
0.51742
0.61181
0.67510
0.61689
0.75730
0.75969
0.78030
0.78948
0.74444
0.75502
0.73383
0.79940
0.73290
0.59098
0.76344
0.57227
0.69050
0.73411
0.56346
0.59949
0.44738
0.50119
0.42821
0.17670
0.22137
0.05588
0.26698
0.21097
0.09234
0.36165
0.50221
0.72766
0.72312
0.70406
0.65974
0.33055
0.30574
0.30967
0.27619
0.26851
0.27931
0.23728
0.22136
0.23547
0.21669
0.34185
0.24583
0.24564
0.52565
0.45370
0.30643
0.50321
0.61329
0.68267
0.53738
0.32274
0.68516
0.31003
0.37412
0.22085
0.48795
0.49947
0.28921
0.26927
0.30505
0.23443
0.22149
0.32857
0.35561
0.43389
0.74744
0.30951
0.70710
0.66966
0.63299
0.67442
0.60757
0.44877
0.64092
0.21462
0.59536
0.26124
0.35848
0.34067
0.32348
0.29870
0.25600
0.28570
0.32423
0.31271
0.39506
0.47913
0.45390
0.34530
0.61119
0.58024
0.66923
0.66306
0.66540
0.76521
0.66507
0.73628
0.70290
0.73359
0.76334
0.76830
0.76280
0.76557
0.70899
0.74801
0.74817
0.72561
0.64881
0.59341
0.58393
0.56452
0.52100
0.47258
0.34905
0.29173
0.05239
0.13903
0.17953
0.17918
0.38386
0.38438
0.60805
0.64943
0.67393
0.72994
0.51106
0.26584
0.34690
0.21128
0.22758
0.23752
0.24266
0.29799
0.24176
0.35411
0.47648
0.35941
0.33659
0.37465
0.59964
0.63845
0.53691
0.29254
0.55268
0.26245
0.28180
0.31524
0.28796
0.26589
0.33971
0.23614
0.41069
0.27758
0.29439
0.27393
0.35959
0.70562
0.69149
0.37277
0.70358
0.55133
0.75387
0.45497
0.61905
0.31002
0.72927
0.21559
0.38302
0.34212
0.28531
0.45127
0.39284
0.24396
0.23561
0.21634
0.34310
0.27737
0.27107
0.24879
0.50428
0.48031
0.49624
0.53196
0.67670
0.72049
0.71094
0.71402
0.60080
0.62877
0.68744
0.65224
0.77198
0.70262
0.72334
0.80239
0.72115
0.78254
0.75384
0.75110
0.70082
0.72206
0.67612
0.67304
0.63834
0.61400
0.59954
0.48300
0.34111
0.14983
0.31122
0.04618
0.10968
0.23200
0.24686
0.44875
0.45907
0.56365
0.66966
0.67096
0.71889
0.74856
0.31876
0.32398
0.26209
0.31954
0.29694
0.30641
0.41965
0.25648
0.32936
0.24826
0.45308
0.40719
0.25516
0.38917
0.32836
0.24317
0.27566
0.26769
0.35636
0.32074
0.34524
0.23742
0.30044
0.27109
0.26817
0.26437
0.29134
0.29204
0.56703
0.28729
0.71722
0.56721
0.71746
0.68201
0.73254
0.77174
0.69606
0.39137
0.30764
0.23027
0.44274
0.25935
0.49168
0.24844
0.32725
0.25766
0.25996
0.23020
0.25058
0.51268
0.23111
0.43358
0.32950
0.49882
0.74829
0.36734
0.71318
0.65906
0.69095
0.46910
0.60158
0.32944
0.77667
0.55056
0.42975
0.68335
0.46047
0.30837
0.54466
0.37300
0.77339
0.78764
0.72347
0.72510
0.72911
0.72386
0.71095
0.60214
0.45284
0.60167
0.43979
0.29206
0.04767
0.46250
0.18739
0.29354
0.13116
0.32433
0.48732
0.16665
0.56334
0.64259
0.63457
0.77864
0.78941
0.73459
0.75693
0.51087
0.52606
0.43211
0.31691
0.33994
0.40124
0.49802
0.29480
0.35969
0.52904
0.27775
0.26425
0.24046
0.40654
0.34481
0.23117
0.26142
0.22107
0.26220
0.28429
0.26403
0.25753
0.25220
0.31347
0.49033
0.46472
0.62939
0.68132
0.78816
0.57069
0.65825
0.49899
0.34611
0.69144
0.26522
0.45504
0.25900
0.32894
0.30570
0.24821
0.20984
0.26479
0.23653
0.21420
0.32090
0.24189
0.23706
0.59390
0.45673
0.75742
0.51986
0.61669
0.76759
0.66893
0.65492
0.54768
0.50937
0.71722
0.42309
0.66862
0.71691
0.77983
0.76155
0.74822
0.75317
0.76397
0.67573
0.78238
0.70031
0.72382
0.71520
0.63391
0.62808
0.27680
0.45797
0.28236
0.13450
0.08126
0.30765
0.34169
0.24665
0.17393
0.42121
0.53752
0.58013
0.68246
0.78159
0.79815
0.65343
0.71744
0.44611
0.29242
0.30988
0.28257
0.24315
0.25673
0.29188
0.43603
0.37048
0.34115
0.43817
0.49082
0.28724
0.21947
0.26303
0.24039
0.30275
0.23465
0.29728
0.31697
0.28041
0.30447
0.24762
0.24160
0.30573
0.26374
0.26351
0.43574
0.48823
0.65734
0.67669
0.71667
0.29718
0.54014
0.54278
0.45993
0.26043
0.32797
0.66964
0.36452
0.29978
0.22506
0.23695
0.37328
0.27035
0.19689
0.21017
0.32978
0.35554
0.45384
0.42240
0.55969
0.67930
0.59964
0.72888
0.69705
0.53128
0.72458
0.62284
0.79416
0.56372
0.72611
0.74637
0.75003
0.74756
0.76373
0.78534
0.72945
0.74513
0.73461
0.72185
0.68251
0.64270
0.56014
0.64110
0.22634
0.48130
0.37297
0.08047
0.15506
0.29301
0.31646
0.31671
0.21179
0.53939
0.58268
0.68028
0.74696
0.78166
0.63598
0.55083
0.26634
0.26197
0.21739
0.29942
0.38150
0.24112
0.34907
0.26602
0.51690
0.36920
0.31227
0.46612
0.36999
0.33821
0.27896
0.24593
0.39457
0.29019
0.28438
0.24341
0.23372
0.27660
0.25283
0.28528
0.23206
0.21788
0.22096
0.31424
0.67684
0.44757
0.66049
0.63749
0.75230
0.55563
0.44520
0.49348
0.25829
0.50647
0.33735
0.49668
0.24000
0.24457
0.33513
0.28496
0.29791
0.26514
0.31611
0.41029
0.26476
0.42468
0.35628
0.47767
0.72806
0.57173
0.72883
0.74527
0.70469
0.60725
0.63416
0.65187
0.61136
0.72523
0.69106
0.71140
0.79823
0.77982
0.72951
0.71299
0.74220
0.75515
0.80218
0.76557
0.65712
0.67887
0.71126
0.51280
0.39424
0.47564
0.34358
0.12080
0.04652
0.24599
0.27109
0.35373
0.18901
0.42362
0.56972
0.58457
0.81763
0.75632
0.68027
0.36349
0.23479
0.23463
0.25299
0.28334
0.28119
0.32806
0.20778
0.41938
0.45587
0.30184
0.33957
0.56492
0.51599
0.42581
0.26209
0.24575
0.46328
0.26754
0.28924
0.26279
0.24908
0.24394
0.27873
0.25386
0.24400
0.19120
0.30371
0.32563
0.40031
0.56335
0.39882
0.82561
0.71291
0.65683
0.52371
0.48867
0.51951
0.28482
0.31335
0.27391
0.39932
0.23269
0.25750
0.29954
0.28402
0.26031
0.26258
0.40175
0.37570
0.29838
0.47191
0.43080
0.58014
0.53288
0.60748
0.79083
0.73913
0.65754
0.71884
0.67867
0.74830
0.72577
0.72316
0.78246
0.72267
0.76528
0.73356
0.73616
0.81798
0.75723
0.66430
0.64687
0.65526
0.68010
0.54401
0.49305
0.53311
0.36094
0.21870
0.12737
0.06591
0.21006
0.31154
0.40888
0.44625
0.61667
0.68792
0.83434
0.75027
0.45017
0.34993
0.27829
0.25550
0.26553
0.25209
0.28356
0.31948
0.26662
0.27549
0.39062
0.52349
0.27947
0.53740
0.58537
0.49864
0.51341
0.25984
0.33678
0.50492
0.21742
0.32468
0.26535
0.36519
0.23362
0.28112
0.29219
0.25507
0.32316
0.25747
0.50804
0.23416
0.64558
0.69128
0.77279
0.66196
0.39836
0.75353
0.47035
0.47261
0.34684
0.27178
0.63671
0.39250
0.31203
0.27559
0.28767
0.28140
0.25731
0.27531
0.25267
0.42113
0.36699
0.47454
0.49630
0.49050
0.63203
0.61375
0.77402
0.60401
0.62769
0.70003
0.71944
0.78349
0.69670
0.77116
0.71754
0.80301
0.82483
0.79521
0.74007
0.78310
0.76171
0.71253
0.67543
0.66856
0.64553
0.57999
0.60528
0.46050
0.38018
0.27233
0.15985
0.07999
0.16197
0.27112
0.30305
0.52179
0.50424
0.63950
0.65175
0.74731
0.73532
0.27778
0.32553
0.25066
0.26650
0.23817
0.25075
0.33906
0.25189
0.29254
0.26214
0.48888
0.59255
0.33306
0.51844
0.26447
0.50582
0.43256
0.24833
0.36238
0.24868
0.31393
0.28028
0.28092
0.26312
0.25087
0.36344
0.23754
0.26125
0.33195
0.51786
0.54684
0.44523
0.65510
0.64640
0.80099
0.64621
0.35989
0.48583
0.24025
0.41163
0.27503
0.55028
0.29851
0.23136
0.42718
0.30244
0.30488
0.27821
0.23485
0.51566
0.37133
0.38684
0.32045
0.68437
0.51128
0.61229
0.60677
0.70978
0.77931
0.62347
0.68192
0.70062
0.67534
0.77338
0.65814
0.75559
0.74013
0.74636
0.77347
0.78619
0.79085
0.73777
0.74191
0.73425
0.63872
0.71021
0.63992
0.53169
0.51192
0.43716
0.38187
0.11012
0.04355
0.22439
0.19435
0.26401
0.39115
0.44074
0.57211
0.63164
0.73524
0.73127
0.40038
0.30792
0.25506
0.22016
0.27944
0.25465
0.22396
0.30600
0.24471
0.47699
0.38083
0.40022
0.43059
0.46367
0.53250
0.35121
0.39061
0.24194
0.33517
0.66315
0.24138
0.27463
0.24734
0.31193
0.25895
0.23227
0.27292
0.26428
0.44746
0.27298
0.41213
0.33362
0.42731
0.75924
0.75575
0.65614
0.59091
0.53459
0.40379
0.38567
0.39120
0.29403
0.55746
0.21585
0.26507
0.27251
0.24462
0.29011
0.25347
0.33060
0.22048
0.26874
0.39673
0.40458
0.62967
0.40667
0.55219
0.69858
0.66225
0.59169
0.33599
0.74113
0.41000
0.42349
0.38549
0.63183
0.73168
0.40396
0.56612
0.74160
0.70421
0.73788
0.78636
0.71217
0.78456
0.78413
0.71743
0.69562
0.64086
0.61180
0.42338
0.19902
0.35573
0.39349
0.44115
0.18015
0.39505
0.47085
0.29859
0.07550
0.14332
0.54708
0.71835
0.69099
0.77581
0.77078
0.73627
0.74495
0.60517
0.47454
0.50917
0.33029
0.52983
0.26281
0.59237
0.28826
0.28101
0.29281
0.23790
0.39369
0.20639
0.27962
0.26623
0.32401
0.26416
0.27360
0.28044
0.26339
0.27518
0.30196
0.27963
0.32682
0.26783
0.37691
0.33672
0.57528
0.55401
0.30165
0.75187
0.52471
0.53904
0.41874
0.30104
0.72584
0.36280
0.35050
0.25574
0.41594
0.23573
0.24314
0.24402
0.33115
0.42795
0.25048
0.37716
0.60784
0.36039
0.54010
0.47612
0.67685
0.72052
0.41005
0.44339
0.53594
0.50471
0.25600
0.29529
0.47849
0.36059
0.29981
0.26873
0.59360
0.39018
0.41854
0.38925
0.58023
0.61049
0.61625
0.76413
0.73063
0.72303
0.77316
0.81687
0.73206
0.77246
0.75534
0.70647
0.41594
0.68102
0.59373
0.46514
0.39754
0.30220
0.42373
0.48033
0.21837
0.32635
0.53219
0.50754
0.11531
0.05303
0.24783
0.60300
0.63421
0.70914
0.78968
0.73792
0.69295
0.57844
0.63051
0.27295
0.31283
0.30252
0.22948
0.30366
0.20888
0.24633
0.22046
0.24304
0.39311
0.24647
0.26948
0.24452
0.26108
0.29528
0.29641
0.50839
0.71535
0.65934
0.47534
0.72885
0.50935
0.33014
0.53236
0.29364
0.61737
0.31350
0.24062
0.71278
0.28419
0.31771
0.23460
0.27435
0.41341
0.29476
0.26491
0.28114
0.73882
0.29513
0.63257
0.62164
0.71557
0.72952
0.33298
0.60918
0.60312
0.35049
0.34973
0.23977
0.44746
0.41399
0.29470
0.29980
0.38968
0.38381
0.36735
0.37163
0.37432
0.54165
0.53423
0.60214
0.68178
0.63985
0.68187
0.68655
0.67975
0.75931
0.77828
0.76773
0.75352
0.79537
0.68563
0.77297
0.77640
0.73405
0.66564
0.75953
0.72572
0.64087
0.61159
0.56750
0.50618
0.39014
0.32396
0.32850
0.11209
0.10428
0.06432
0.23727
0.38800
0.49751
0.59104
0.80147
0.78008
0.69749
0.57587
0.23292
0.24592
0.22740
0.29355
0.22645
0.34189
0.25045
0.19842
0.40462
0.30544
0.35768
0.29282
0.36287
0.63999
0.53346
0.66722
0.64383
0.57921
0.25844
0.38707
0.32697
0.32176
0.39306
0.25491
0.48751
0.27110
0.21355
0.29302
0.20896
0.35005
0.25158
0.22323
0.74087
0.51347
0.56755
0.47218
0.72335
0.72684
0.71962
0.44370
0.44098
0.74170
0.27643
0.29166
0.24522
0.41860
0.35069
0.18864
0.33409
0.28330
0.31209
0.28914
0.34412
0.41119
0.49187
0.50942
0.51003
0.67041
0.59350
0.61601
0.69108
0.72073
0.70015
0.74645
0.73913
0.84221
0.74602
0.68766
0.82014
0.76349
0.71054
0.66185
0.72888
0.66142
0.57536
0.52706
0.57650
0.48436
0.41803
0.36387
0.35347
0.05552
0.12294
0.16557
0.20831
0.40786
0.59113
0.75007
0.81084
0.76984
0.63068
0.66454
0.44973
0.36523
0.26709
0.26610
0.23696
0.32159
0.26934
0.29552
0.32640
0.22917
0.24399
0.42437
0.32302
0.63515
0.39323
0.52563
0.71159
0.64675
0.53516
0.24787
0.30880
0.68214
0.25060
0.37783
0.29486
0.56611
0.24809
0.27853
0.24295
0.30004
0.27126
0.26708
0.68922
0.70979
0.41102
0.74546
0.78077
0.59695
0.58663
0.72967
0.66067
0.70393
0.62204
0.30472
0.30552
0.36405
0.67076
0.26274
0.29727
0.56222
0.33594
0.32266
0.23857
0.25762
0.29007
0.28094
0.54397
0.74239
0.73549
0.68811
0.71055
0.74831
0.48023
0.43369
0.45570
0.29315
0.26447
0.25488
0.44424
0.29311
0.25328
0.26851
0.26746
0.31860
0.25311
0.27822
0.27096
0.20772
0.50142
0.33473
0.41769
0.35800
0.51939
0.58635
0.57552
0.52779
0.26969
0.53691
0.39973
0.58747
0.32031
0.39538
0.68109
0.49703
0.55147
0.42885
0.40618
0.64984
0.47732
0.67331
0.66112
0.80230
0.82106
0.73863
0.74616
0.72349
0.67340
0.65738
0.29045
0.52056
0.57705
0.45804
0.56157
0.12075
0.45066
0.17223
0.05771
0.17392
0.34514
0.45224
0.46523
0.40276
0.73027
0.69306
0.78346
0.70200
0.82148
0.76613
0.64961
0.71999
0.49190
0.32193
0.49997
0.29330
0.25233
0.23446
0.22981
0.25873
0.30485
0.22904
0.24277
0.22427
0.26563
0.22862
0.26311
0.33247
0.23645
0.30028
0.41943
0.66962
0.54515
0.63218
0.53087
0.74071
0.70039
0.42690
0.46018
0.30191
0.25002
0.40696
0.27650
0.42932
0.25910
0.28687
0.31811
0.22408
0.29041
0.24130
0.42772
0.30932
0.41238
0.56516
0.46340
0.72292
0.36735
0.67035
0.65071
0.61039
0.50406
0.38669
0.33947
0.24331
0.31254
0.31015
0.43923
0.32378
0.31086
0.39894
0.37529
0.51134
0.33894
0.48135
0.66464
0.59886
0.65547
0.62037
0.68318
0.76055
0.75138
0.72755
0.76221
0.77564
0.74910
0.81965
0.73527
0.69040
0.74981
0.73185
0.52223
0.61705
0.63746
0.48310
0.61154
0.45395
0.39363
0.29961
0.10432
0.07368
0.17892
0.32524
0.22033
0.42563
0.63943
0.67286
0.77109
0.75091
0.71608
0.60070
0.33795
0.43885
0.28651
0.27603
0.26337
0.25452
0.23516
0.24401
0.28227
0.26711
0.21414
0.23608
0.31155
0.44975
0.48930
0.46655
0.61037
0.68088
0.52988
0.41435
0.45115
0.45065
0.25547
0.32180
0.25409
0.38265
0.29859
0.21300
0.24777
0.20988
0.27318
0.25833
0.30347
0.45849
0.30899
0.50261
0.57738
0.64310
0.61093
0.70733
0.69292
0.69497
0.59369
0.39975
0.31666
0.65750
0.28179
0.52570
0.30792
0.42096
0.27609
0.33147
0.27057
0.21898
0.25933
0.28370
0.57940
0.45787
0.28127
0.56249
0.56283
0.77393
0.43813
0.57764
0.68648
0.58479
0.43860
0.30446
0.41488
0.62982
0.33565
0.48821
0.47067
0.65004
0.44014
0.56805
0.45938
0.75937
0.68912
0.77328
0.76141
0.77902
0.74629
0.75725
0.74855
0.64531
0.65088
0.63697
0.53838
0.57119
0.49012
0.47444
0.30561
0.11649
0.28968
0.23280
0.18801
0.04478
0.27906
0.47611
0.67036
0.74702
0.71059
0.75783
0.72561
0.79788
0.77993
0.71271
0.42133
0.48914
0.23849
0.24215
0.24738
0.29434
0.28834
0.25004
0.41293
0.36098
0.27714
0.28329
0.22254
0.28368
0.29006
0.27498
0.27118
0.33837
0.25551
0.35600
0.55993
0.54745
0.74375
0.67596
0.66585
0.54329
0.33200
0.57140
0.31183
0.53822
0.26020
0.28676
0.74541
0.21605
0.33726
0.27991
0.22654
0.31970
0.26628
0.28593
0.29012
0.74606
0.21344
0.57869
0.55816
0.59340
0.59780
0.44161
0.62205
0.57768
0.30469
0.33247
0.36468
0.63382
0.32422
0.52583
0.46410
0.53650
0.42169
0.35258
0.56601
0.67476
0.39878
0.64901
0.68729
0.72578
0.76572
0.76813
0.73299
0.80952
0.74625
0.75168
0.68526
0.73627
0.73889
0.63895
0.60195
0.48646
0.51867
0.42154
0.49114
0.36064
0.21538
0.41154
0.13597
0.05296
0.18931
0.31139
0.47442
0.65456
0.78216
0.76540
0.78071
0.64776
0.68900
0.31478
0.32988
0.28044
0.25787
0.31038
0.26894
0.31487
0.24954
0.27409
0.27465
0.29958
0.27323
0.21553
0.40990
0.29585
0.33858
0.37206
0.46801
0.64018
0.52598
0.70542
0.59295
0.73717
0.32514
0.36137
0.24352
0.23567
0.44447
0.24601
0.52144
0.29316
0.23474
0.34678
0.27074
0.37578
0.23350
0.30731
0.66341
0.61268
0.53981
0.34998
0.80924
0.72609
0.44953
0.57681
0.52938
0.72203
0.28321
0.30274
0.28036
0.33763
0.34497
0.34884
0.62670
0.51328
0.32816
0.43043
0.43888
0.49742
0.55741
0.63365
0.66504
0.73201
0.68391
0.76281
0.71120
0.83045
0.78697
0.72446
0.78060
0.75778
0.67294
0.68348
0.69493
0.72548
0.60742
0.55112
0.46363
0.56698
0.45606
0.46044
0.40311
0.29603
0.26126
0.07349
0.11782
0.17835
0.36013
0.65752
0.76338
0.77764
0.68343
0.66893
0.45109
0.29833
0.23057
0.25104
0.28557
0.29549
0.23155
0.24879
0.31427
0.22568
0.24252
0.28802
0.29843
0.28081
0.25552
0.58973
0.40814
0.65543
0.64545
0.50408
0.69640
0.52796
0.47824
0.31761
0.38188
0.25839
0.24181
0.32481
0.29056
0.55775
0.26385
0.25401
0.27224
0.23843
0.30693
0.24054
0.70101
0.64047
0.33133
0.61940
0.77148
0.69439
0.49606
0.58814
0.63736
0.61319
0.30814
0.23957
0.43884
0.29696
0.22770
0.22668
0.24638
0.36814
0.23669
0.28935
0.30628
0.35662
0.40728
0.44747
0.51526
0.60688
0.45674
0.56302
0.72201
0.63120
0.66067
0.67176
0.71002
0.75677
0.73747
0.72673
0.77079
0.81212
0.77665
0.73432
0.77696
0.73283
0.64536
0.66127
0.66288
0.63349
0.60201
0.51790
0.41895
0.38514
0.29937
0.18563
0.12820
0.06826
0.22883
0.31377
0.51632
0.59539
0.67520
0.76016
0.73502
0.63759
0.36404
0.20506
0.24791
0.26256
0.24826
0.28000
0.26281
0.31480
0.23556
0.26562
0.35689
0.29262
0.56979
0.44254
0.59370
0.56708
0.39467
0.64905
0.36041
0.42476
0.26428
0.27347
0.59281
0.31531
0.24845
0.30043
0.36237
0.25038
0.27167
0.25889
0.32296
0.74798
0.30050
0.51472
0.70820
0.53492
0.68072
0.48069
0.77290
0.60165
0.29250
0.23985
0.62534
0.25008
0.27355
0.27805
0.31973
0.35687
0.23708
0.23705
0.30696
0.28658
0.26823
0.36296
0.50797
0.55726
0.54249
0.58351
0.64113
0.64208
0.69248
0.67645
0.69671
0.66944
0.65430
0.73214
0.75309
0.73362
0.72418
0.81273
0.82811
0.78389
0.77946
0.77843
0.70995
0.72932
0.72905
0.60284
0.57989
0.48557
0.47143
0.32061
0.21452
0.12002
0.07491
0.22608
0.31707
0.42086
0.38609
0.57039
0.61800
0.67930
0.79044
0.71463
0.44122
0.39865
0.24374
0.24765
0.29686
0.22808
0.28719
0.24607
0.34579
0.31312
0.42660
0.40874
0.41876
0.56977
0.27976
0.42176
0.40613
0.22708
0.35263
0.25329
0.47915
0.32439
0.24414
0.27691
0.25478
0.27747
0.21285
0.23654
0.39965
0.41904
0.28185
0.29334
0.83869
0.44822
0.73999
0.40779
0.67211
0.75805
0.34412
0.26906
0.50793
0.27315
0.34515
0.24509
0.46546
0.34406
0.22690
0.22417
0.44231
0.19307
0.25097
0.29462
0.49626
0.58597
0.36146
0.59231
0.74570
0.69074
0.59170
0.54506
0.58804
0.52903
0.30801
0.31975
0.37767
0.28316
0.53755
0.21702
0.25468
0.26431
0.27180
0.33193
0.30927
0.36004
0.35943
0.49234
0.51273
0.58694
0.65378
0.56274
0.72296
0.59888
0.69538
0.65413
0.72874
0.70308
0.72396
0.79781
0.75762
0.78696
0.79268
0.77321
0.75242
0.68998
0.66797
0.64409
0.55587
0.63120
0.62808
0.43461
0.53228
0.31136
0.34262
0.27131
0.06046
0.09885
0.15890
0.40444
0.42744
0.54137
0.65358
0.75877
0.77762
0.73844
0.24109
0.27653
0.25240
0.24789
0.27451
0.22368
0.30798
0.22768
0.26253
0.35110
0.53423
0.41373
0.40396
0.50577
0.58194
0.63312
0.41479
0.30292
0.66458
0.29598
0.37579
0.28161
0.43683
0.34308
0.30311
0.24522
0.31257
0.26777
0.45790
0.27376
0.41652
0.57149
0.25216
0.40012
0.71910
0.67438
0.70672
0.76450
0.61593
0.52654
0.44378
0.34089
0.67504
0.20075
0.31783
0.25511
0.32518
0.28780
0.26311
0.21607
0.28820
0.28019
0.64623
0.36026
0.45797
0.26540
0.65112
0.56341
0.67080
0.67234
0.65259
0.79235
0.66689
0.71911
0.59173
0.52836
0.74837
0.62463
0.75311
0.72801
0.73307
0.79581
0.80189
0.73115
0.71616
0.75134
0.66560
0.73382
0.59419
0.58350
0.56654
0.49913
0.12705
0.22526
0.27836
0.04994
0.23469
0.16397
0.40174
0.48615
0.42333
0.60844
0.72048
0.73127
0.75327
0.43997
0.29418
0.23194
0.27746
0.31392
0.22814
0.27477
0.36738
0.31564
0.56550
0.30417
0.48215
0.61779
0.33674
0.38633
0.52492
0.27266
0.26121
0.36602
0.26999
0.22048
0.20908
0.21607
0.35949
0.25129
0.21649
0.24696
0.66400
0.58797
0.36779
0.58789
0.76501
0.62315
0.64733
0.63515
0.55834
0.34183
0.31966
0.27342
0.32002
0.38050
0.27679
0.30631
0.29896
0.26699
0.24709
0.28139
0.29689
0.23117
0.47816
0.23110
0.57674
0.41118
0.37990
0.46678
0.68188
0.69307
0.73509
0.63168
0.65264
0.62679
0.70513
0.62762
0.73064
0.66547
0.67925
0.83042
0.80919
0.82975
0.73503
0.79403
0.74539
0.72823
0.75033
0.74149
0.65125
0.62137
0.55841
0.49587
0.24241
0.09020
0.12836
0.07295
0.29910
0.34260
0.27468
0.45668
0.42041
0.55177
0.66844
0.72890
0.71091
0.72528
0.30352
0.25934
0.25235
0.30243
0.25792
0.35623
0.57305
0.32328
0.32307
0.26209
0.45151
0.54076
0.27910
0.44589
0.54418
0.27713
0.33336
0.28892
0.36457
0.29257
0.24962
0.25202
0.31696
0.21818
0.23823
0.24387
0.26915
0.28656
0.27511
0.43617
0.76135
0.57189
0.75129
0.55061
0.68022
0.64600
0.29864
0.37208
0.24441
0.22507
0.67887
0.26658
0.31481
0.24551
0.30034
0.22065
0.29539
0.24143
0.24553
0.37201
0.24024
0.45069
0.33824
0.40601
0.75909
0.36076
0.71425
0.48118
0.52134
0.40389
0.36099
0.29364
0.49487
0.37016
0.37211
0.30448
0.25489
0.27871
0.24759
0.30801
0.36986
0.31913
0.30489
0.72344
0.52815
0.51934
0.48036
0.63167
0.75254
0.66651
0.72290
0.70495
0.72273
0.68677
0.68995
0.67138
0.73222
0.80151
0.73043
0.77228
0.73300
0.72407
0.76305
0.76541
0.74361
0.71479
0.66745
0.58089
0.53360
0.52919
0.41145
0.36287
0.23458
0.07661
0.17985
0.26837
0.13449
0.40368
0.43405
0.55937
0.68039
0.70680
0.75366
0.52630
0.23946
0.25428
0.27564
0.26532
0.23719
0.24086
0.22022
0.25948
0.27946
0.35282
0.36530
0.51955
0.49783
0.44907
0.49738
0.28201
0.66184
0.25659
0.52440
0.31953
0.32935
0.22823
0.25637
0.29757
0.27128
0.25412
0.41451
0.27105
0.36629
0.25281
0.58391
0.47180
0.77870
0.53890
0.69597
0.79171
0.60443
0.60693
0.26664
0.35559
0.78770
0.24872
0.59500
0.33649
0.36586
0.23108
0.26239
0.26745
0.26709
0.22803
0.27147
0.70354
0.38235
0.39241
0.59506
0.47055
0.73329
0.55709
0.66532
0.70809
0.69206
0.64012
0.63316
0.61834
0.75164
0.65198
0.64704
0.73300
0.77243
0.74747
0.83250
0.78383
0.72422
0.76447
0.70524
0.63501
0.65971
0.63408
0.58789
0.44140
0.38357
0.25624
0.34613
0.31694
0.16740
0.05647
0.13754
0.32956
0.53155
0.62094
0.71593
0.66061
0.72808
0.65386
0.28622
0.26304
0.27970
0.27453
0.25684
0.37850
0.24066
0.39492
0.58479
0.46327
0.40110
0.30252
0.35376
0.45398
0.23565
0.31124
0.24024
0.47536
0.21204
0.24838
0.26622
0.26161
0.27981
0.25768
0.45680
0.34738
0.42649
0.33132
0.27027
0.51297
0.47499
0.67699
0.78533
0.73004
0.56670
0.28193
0.47704
0.29301
0.71067
0.31651
0.35960
0.52624
0.34328
0.29862
0.25301
0.24695
0.26481
0.27555
0.34666
0.33805
0.71490
0.29119
0.48373
0.58503
0.74280
0.62151
0.75867
0.75370
0.70161
0.61117
0.69867
0.67712
0.75535
0.65059
0.70184
0.75004
0.75925
0.77972
0.75991
0.72816
0.73344
0.76588
0.73513
0.70394
0.66612
0.60459
0.56869
0.53788
0.18938
0.40898
0.27537
0.10432
0.28438
0.31003
0.04978
0.38935
0.48366
0.55165
0.66419
0.74525
0.81217
0.74321
0.36066
0.23503
0.26191
0.23928
0.23390
0.26551
0.31794
0.28807
0.46228
0.33897
0.47954
0.42746
0.37321
0.33381
0.27774
0.27812
0.54038
0.26619
0.28165
0.26803
0.30397
0.26108
0.25884
0.21561
0.25306
0.64203
0.24563
0.75746
0.30060
0.54888
0.68010
0.42071
0.78826
0.55705
0.72851
0.31685
0.29210
0.29760
0.32254
0.37387
0.24173
0.39873
0.27053
0.19512
0.25319
0.28262
0.36149
0.25385
0.34548
0.61957
0.61759
0.52970
0.39268
0.66045
0.74754
0.49460
0.64223
0.61173
0.74391
0.58710
0.64765
0.53963
0.71308
0.65547
0.61896
0.75840
0.77101
0.75307
0.76544
0.78133
0.73048
0.72671
0.74049
0.66347
0.67219
0.60071
0.61282
0.51783
0.41476
0.44385
0.26877
0.23168
0.20366
0.09836
0.04892
0.39350
0.38116
0.56417
0.64287
0.74748
0.78722
0.78913
0.71180
0.25435
0.26073
0.26859
0.29734
0.27837
0.24341
0.39570
0.43251
0.46911
0.38325
0.39255
0.25149
0.28534
0.33334
0.23717
0.50492
0.34110
0.36795
0.27496
0.26219
0.25530
0.21748
0.26088
0.24145
0.31238
0.25349
0.29244
0.47797
0.57049
0.74959
0.65189
0.75154
0.58586
0.65886
0.73881
0.33370
0.46646
0.61980
0.30307
0.39960
0.31106
0.66410
0.20276
0.24599
0.26927
0.29449
0.22933
0.25239
0.68241
0.52178
0.27053
0.50228
0.53816
0.72966
0.43216
0.55282
0.62389
0.65195
0.28658
0.27571
0.50827
0.64878
0.30257
0.40175
0.51461
0.57921
0.43306
0.46308
0.43685
0.60395
0.69972
0.66664
0.75987
0.73101
0.75014
0.79785
0.75365
0.66499
0.74743
0.69985
0.67543
0.60793
0.56648
0.46430
0.24439
0.21022
0.29564
0.26718
0.31099
0.11512
0.21254
0.06310
0.58342
0.61286
0.64692
0.79162
0.73195
0.74665
0.73332
0.71829
0.55373
0.51346
0.28352
0.51553
0.31396
0.26090
0.23947
0.26123
0.40623
0.25649
0.29485
0.22743
0.28456
0.22507
0.23497
0.31975
0.23430
0.32578
0.28482
0.29219
0.31641
0.24297
0.63304
0.59411
0.67301
0.58046
0.29818
0.50845
0.38972
0.51273
0.27107
0.29042
0.72282
0.28895
0.24746
0.26052
0.43222
0.29496
0.21825
0.35068
0.37139
0.76325
0.28462
0.65125
0.65596
0.72750
0.59413
0.50667
0.73381
0.73730
0.32143
0.32604
0.30522
0.28000
0.31646
0.28071
0.24487
0.24852
0.25257
0.29424
0.31771
0.32136
0.25840
0.37517
0.48747
0.71343
0.62353
0.67828
0.58481
0.80889
0.74509
0.74787
0.73361
0.68499
0.74663
0.74773
0.73148
0.72188
0.75448
0.75721
0.82786
0.79123
0.71292
0.74192
0.71336
0.65951
0.62225
0.57429
0.52298
0.44895
0.39042
0.28390
0.21065
0.11977
0.05396
0.30099
0.37685
0.56738
0.44667
0.63220
0.71969
0.79103
0.46510
0.42140
0.26811
0.27579
0.26403
0.24959
0.32242
0.23252
0.27256
0.26177
0.43823
0.24596
0.33138
0.46752
0.44812
0.66619
0.38012
0.45070
0.47373
0.22027
0.44982
0.24904
0.62527
0.33467
0.25541
0.22407
0.30874
0.23749
0.28239
0.25956
0.63713
0.66495
0.30907
0.26173
0.58269
0.71978
0.46593
0.68035
0.67157
0.78791
0.34530
0.27243
0.31025
0.34494
0.36286
0.22246
0.49076
0.29970
0.24896
0.28132
0.23217
0.27922
0.26762
0.42179
0.37566
0.48549
0.60202
0.57115
0.69246
0.77481
0.52024
0.62683
0.69544
0.71651
0.46138
0.70494
0.62337
0.65689
0.78261
0.56660
0.70964
0.60093
0.70946
0.77640
0.74812
0.68851
0.70890
0.67039
0.70316
0.64593
0.58401
0.57186
0.12623
0.34901
0.19369
0.23234
0.26481
0.30042
0.25931
0.05044
0.39364
0.49410
0.67529
0.65873
0.77282
0.69207
0.80292
0.22989
0.29250
0.25857
0.28327
0.35535
0.28779
0.47094
0.29028
0.33088
0.68529
0.50840
0.37040
0.30141
0.62767
0.24967
0.32381
0.23342
0.28894
0.43573
0.23688
0.21605
0.25390
0.30227
0.24742
0.26006
0.62546
0.69482
0.26253
0.47639
0.70102
0.54417
0.53987
0.74132
0.82706
0.75017
0.35800
0.25492
0.71858
0.45736
0.27260
0.27608
0.43111
0.36609
0.27876
0.22057
0.26870
0.27052
0.43089
0.26857
0.49538
0.61807
0.35441
0.69262
0.70709
0.68778
0.53797
0.66722
0.52815
0.48370
0.39493
0.30501
0.49568
0.41933
0.35673
0.32328
0.35668
0.38743
0.34774
0.50991
0.59020
0.68614
0.76300
0.76055
0.76209
0.79094
0.78903
0.74667
0.82001
0.75640
0.76839
0.70177
0.76295
0.81381
0.77133
0.73666
0.72656
0.78621
0.76463
0.74853
0.73162
0.63184
0.44659
0.37476
0.25742
0.22054
0.26443
0.26735
0.27434
0.25447
0.29505
0.28061
0.36471
0.28450
0.22623
0.35197
0.33964
0.32566
0.23898
0.26632
0.26008
0.21000
